scratches 0.0250 75 158 97 164
scratches 0.0243 73 192 91 199
scratches 0.0235 0 168 12 174
scratches 0.0228 33 185 54 190
scratches 0.0215 39 0 68 2
scratches 0.0211 16 94 38 100
scratches 0.0204 162 5 183 10
rolled-in_scale 0.0293 187 115 199 145
rolled-in_scale 0.0292 179 112 200 148
rolled-in_scale 0.0290 0 104 19 133
rolled-in_scale 0.0255 0 172 11 184
rolled-in_scale 0.0251 0 98 8 140
rolled-in_scale 0.0242 182 184 194 194
rolled-in_scale 0.0238 104 27 119 35
rolled-in_scale 0.0235 182 181 199 196
rolled-in_scale 0.0233 188 76 199 105
rolled-in_scale 0.0232 79 0 98 6
rolled-in_scale 0.0231 13 0 30 12
rolled-in_scale 0.0230 77 154 91 161
rolled-in_scale 0.0225 140 26 156 34
rolled-in_scale 0.0224 171 151 191 165
rolled-in_scale 0.0223 95 101 111 117
rolled-in_scale 0.0222 165 190 177 199
rolled-in_scale 0.0222 21 61 35 69
rolled-in_scale 0.0221 98 187 123 200
rolled-in_scale 0.0218 103 24 121 38
rolled-in_scale 0.0218 137 23 158 33
rolled-in_scale 0.0217 108 1 128 13
rolled-in_scale 0.0211 107 25 116 37
rolled-in_scale 0.0211 181 114 199 131
rolled-in_scale 0.0210 0 178 11 184
rolled-in_scale 0.0209 100 26 116 43
rolled-in_scale 0.0209 80 0 100 13
rolled-in_scale 0.0208 101 102 109 117
rolled-in_scale 0.0208 75 31 94 46
rolled-in_scale 0.0208 112 5 131 11
rolled-in_scale 0.0207 76 150 87 159
rolled-in_scale 0.0207 120 3 134 12
rolled-in_scale 0.0204 16 190 27 199
rolled-in_scale 0.0204 63 9 80 25
rolled-in_scale 0.0204 164 183 178 192
rolled-in_scale 0.0203 183 63 200 79
rolled-in_scale 0.0203 74 0 92 7
rolled-in_scale 0.0203 75 165 90 180
rolled-in_scale 0.0202 10 36 26 48
rolled-in_scale 0.0202 186 182 195 195
rolled-in_scale 0.0202 17 63 32 71
rolled-in_scale 0.0201 183 72 200 77
rolled-in_scale 0.0200 117 1 125 14
patches 0.0762 111 0 136 3
patches 0.0689 0 0 19 3
patches 0.0665 5 0 28 2
patches 0.0649 79 196 107 199
patches 0.0649 0 62 3 89
patches 0.0646 196 0 199 19
patches 0.0640 34 196 58 200
patches 0.0632 0 0 10 11
patches 0.0619 0 196 18 199
patches 0.0614 0 183 3 200
patches 0.0612 196 13 199 38
patches 0.0608 0 7 3 32
patches 0.0604 190 188 200 199
patches 0.0602 113 0 130 4
patches 0.0600 196 96 199 123
patches 0.0596 196 184 199 200
patches 0.0589 196 49 199 75
patches 0.0576 144 0 172 3
patches 0.0571 101 0 126 3
patches 0.0571 170 0 197 3
patches 0.0571 195 13 200 29
patches 0.0563 0 0 3 19
patches 0.0560 14 0 39 2
patches 0.0557 111 186 135 199
patches 0.0555 194 0 200 6
patches 0.0554 190 195 200 200
patches 0.0546 175 196 197 199
patches 0.0545 189 0 200 3
patches 0.0528 0 0 4 11
patches 0.0526 192 0 199 27
patches 0.0525 58 0 83 3
patches 0.0525 47 0 75 3
patches 0.0521 189 121 199 129
patches 0.0519 191 0 200 8
patches 0.0518 154 0 180 3
patches 0.0517 141 196 166 199
patches 0.0514 121 0 145 3
patches 0.0512 195 50 200 65
patches 0.0511 0 0 8 25
patches 0.0506 195 0 200 12
patches 0.0505 161 196 185 200
patches 0.0504 190 21 200 28
patches 0.0504 117 0 126 11
patches 0.0504 0 0 13 4
patches 0.0499 7 0 22 4
patches 0.0497 88 0 119 3
patches 0.0496 0 0 6 5
patches 0.0494 0 148 3 172
patches 0.0492 0 56 7 103
patches 0.0491 0 188 4 200
patches 0.0490 196 34 199 59
patches 0.0487 109 0 128 8
patches 0.0487 65 0 71 10
patches 0.0486 34 0 60 2
patches 0.0486 190 105 200 111
patches 0.0484 161 0 175 8
patches 0.0483 11 0 18 9
patches 0.0482 3 0 19 8
patches 0.0481 120 181 138 199
patches 0.0478 108 183 126 199
patches 0.0478 0 80 3 106
patches 0.0477 0 66 5 82
patches 0.0475 131 0 157 2
patches 0.0474 71 196 96 199
patches 0.0474 196 113 199 139
patches 0.0473 99 192 151 199
patches 0.0472 196 69 199 96
patches 0.0470 25 0 48 2
patches 0.0470 0 154 9 162
patches 0.0468 0 158 8 165
patches 0.0466 0 78 11 84
patches 0.0465 119 0 136 5
patches 0.0464 0 195 9 200
patches 0.0464 89 195 107 200
patches 0.0462 5 0 11 10
patches 0.0462 190 42 200 48
patches 0.0460 115 196 138 200
patches 0.0459 0 48 3 71
patches 0.0458 184 196 200 199
patches 0.0456 185 85 200 102
patches 0.0455 186 44 200 58
patches 0.0455 0 95 3 119
patches 0.0455 0 75 11 81
patches 0.0453 0 35 3 58
patches 0.0453 0 51 9 65
patches 0.0453 0 0 19 18
patches 0.0453 189 74 200 89
patches 0.0453 0 38 9 51
patches 0.0452 0 13 8 22
patches 0.0449 8 0 15 10
patches 0.0449 181 0 189 7
patches 0.0449 194 12 200 23
patches 0.0447 0 164 8 171
patches 0.0447 196 23 199 48
patches 0.0446 190 55 200 61
patches 0.0446 0 82 11 88
patches 0.0445 0 104 8 112
patches 0.0443 195 96 200 113
patches 0.0440 0 128 10 141
patches 0.0439 111 0 118 9
patches 0.0439 123 0 132 8
patches 0.0439 0 74 10 88
patches 0.0439 0 151 10 166
patches 0.0439 190 25 199 31
patches 0.0437 13 196 40 199
patches 0.0436 116 180 130 200
patches 0.0435 0 125 3 148
patches 0.0434 0 9 7 19
patches 0.0433 14 0 21 10
patches 0.0433 105 0 126 12
patches 0.0432 190 14 200 28
patches 0.0432 128 196 151 200
patches 0.0431 191 101 200 108
patches 0.0430 0 158 3 180
patches 0.0430 6 0 24 12
patches 0.0429 97 196 121 200
patches 0.0429 173 0 190 5
patches 0.0429 190 47 200 62
patches 0.0428 186 0 200 12
patches 0.0428 114 0 122 7
patches 0.0428 0 16 3 43
patches 0.0423 196 105 199 134
patches 0.0422 190 188 200 194
patches 0.0422 190 35 200 41
patches 0.0421 190 37 200 51
patches 0.0421 190 108 199 114
patches 0.0421 0 80 10 94
patches 0.0421 0 10 5 25
patches 0.0420 0 175 3 198
patches 0.0420 0 58 10 64
patches 0.0419 0 85 15 91
patches 0.0418 190 21 200 34
patches 0.0418 0 161 8 169
patches 0.0417 195 191 200 200
patches 0.0417 188 117 200 131
patches 0.0415 190 28 200 34
patches 0.0413 108 0 114 9
patches 0.0412 189 81 200 88
patches 0.0411 24 196 49 200
patches 0.0411 0 68 10 74
patches 0.0411 61 0 68 11
patches 0.0411 0 35 7 86
patches 0.0410 193 25 200 36
patches 0.0409 0 71 10 77
patches 0.0409 0 42 10 48
patches 0.0408 4 196 29 200
patches 0.0407 0 55 13 61
patches 0.0406 190 75 200 81
patches 0.0406 57 196 83 199
patches 0.0406 196 86 199 113
patches 0.0406 0 56 10 72
patches 0.0406 0 65 10 71
patches 0.0405 191 5 200 11
patches 0.0405 0 151 5 166
patches 0.0404 0 188 10 199
patches 0.0404 0 151 12 157
patches 0.0404 35 0 41 11
patches 0.0404 146 194 163 199
patches 0.0404 0 18 10 24
patches 0.0402 178 0 186 7
patches 0.0401 0 185 11 191
patches 0.0401 0 101 9 116
patches 0.0401 190 38 200 44
patches 0.0400 0 8 6 58
patches 0.0400 193 55 200 66
patches 0.0400 51 0 58 11
patches 0.0399 180 0 197 7
patches 0.0399 190 71 200 77
patches 0.0399 58 0 64 11
patches 0.0399 0 76 6 86
patches 0.0399 0 161 10 175
patches 0.0398 0 21 9 35
patches 0.0396 193 32 200 42
patches 0.0395 194 73 200 90
patches 0.0394 0 24 8 32
patches 0.0393 178 191 200 200
patches 0.0393 192 17 200 26
patches 0.0392 0 177 7 200
patches 0.0392 193 36 200 46
patches 0.0391 113 0 123 12
patches 0.0391 195 37 199 52
patches 0.0390 121 0 128 9
patches 0.0390 190 58 200 64
patches 0.0390 55 0 61 10
patches 0.0390 152 0 158 10
patches 0.0390 143 190 160 199
patches 0.0389 113 179 151 198
patches 0.0389 0 159 5 171
patches 0.0389 190 48 200 54
patches 0.0387 191 11 200 17
patches 0.0386 155 0 161 10
patches 0.0385 18 0 36 12
patches 0.0385 0 129 12 154
patches 0.0384 32 0 37 10
patches 0.0384 180 181 200 199
patches 0.0384 0 38 11 44
patches 0.0383 0 100 8 108
patches 0.0383 147 0 164 5
patches 0.0383 99 0 116 5
patches 0.0383 186 45 200 51
patches 0.0383 0 0 33 7
patches 0.0382 0 111 3 136
patches 0.0382 135 135 156 141
patches 0.0382 0 88 10 94
patches 0.0382 104 0 112 7
patches 0.0382 90 0 111 7
patches 0.0381 0 91 9 105
patches 0.0381 22 0 28 10
patches 0.0381 190 65 199 71
patches 0.0381 0 31 10 45
patches 0.0380 176 194 192 199
patches 0.0380 128 0 134 10
patches 0.0380 190 32 200 38
patches 0.0379 190 115 200 121
patches 0.0379 184 0 191 10
patches 0.0379 190 54 200 68
patches 0.0378 33 0 43 6
patches 0.0378 196 59 199 86
patches 0.0377 0 64 9 78
patches 0.0376 68 0 74 10
patches 0.0376 190 52 200 57
patches 0.0376 98 187 123 200
patches 0.0376 190 61 200 75
patches 0.0376 193 29 200 39
patches 0.0376 61 0 76 5
patches 0.0376 193 22 200 32
patches 0.0375 31 0 46 9
patches 0.0375 0 13 10 46
patches 0.0374 192 134 199 184
patches 0.0374 167 0 174 8
patches 0.0373 0 53 6 62
patches 0.0373 126 195 143 200
patches 0.0373 0 132 3 159
patches 0.0371 0 62 10 68
patches 0.0371 0 189 18 200
patches 0.0371 88 129 104 146
patches 0.0371 0 44 10 59
patches 0.0371 189 62 200 68
patches 0.0370 17 0 25 8
patches 0.0369 42 0 47 11
patches 0.0369 0 135 11 142
patches 0.0369 191 15 200 21
patches 0.0368 186 24 200 38
patches 0.0367 190 155 200 161
patches 0.0367 42 196 70 199
patches 0.0367 36 187 64 199
patches 0.0367 41 191 49 199
patches 0.0367 38 0 44 11
patches 0.0366 194 6 200 16
patches 0.0366 78 195 97 200
patches 0.0365 190 68 200 74
patches 0.0365 119 0 136 12
patches 0.0365 0 132 11 138
patches 0.0365 188 0 194 10
patches 0.0364 0 188 11 194
patches 0.0364 0 180 19 199
patches 0.0364 40 191 57 200
patches 0.0363 0 44 8 51
patches 0.0362 190 103 200 118
patches 0.0362 20 195 36 200
patches 0.0362 190 110 199 151
patches 0.0362 191 90 200 106
patches 0.0362 0 5 10 18
patches 0.0361 22 192 73 199
patches 0.0361 138 0 144 10
patches 0.0360 0 20 7 28
patches 0.0359 150 0 167 8
patches 0.0358 54 187 61 198
patches 0.0356 159 195 175 200
patches 0.0356 193 46 200 56
patches 0.0356 190 151 200 158
patches 0.0356 190 78 200 85
patches 0.0354 0 94 6 103
patches 0.0353 100 0 109 7
patches 0.0353 196 150 199 175
patches 0.0353 0 38 4 52
patches 0.0353 193 65 200 76
patches 0.0352 134 0 149 8
patches 0.0352 76 194 87 200
patches 0.0352 87 187 96 198
patches 0.0352 50 0 66 5
patches 0.0352 0 81 4 95
patches 0.0352 0 11 11 17
patches 0.0352 191 121 199 167
patches 0.0351 141 0 148 8
patches 0.0351 0 35 10 41
patches 0.0351 0 137 11 144
patches 0.0350 13 0 30 4
patches 0.0349 0 155 7 200
patches 0.0349 11 0 25 9
patches 0.0348 106 151 124 167
patches 0.0348 0 60 5 76
patches 0.0348 87 135 106 141
patches 0.0348 155 187 181 200
patches 0.0348 51 187 58 198
patches 0.0348 191 168 199 200
patches 0.0347 100 64 122 78
patches 0.0347 0 84 8 92
patches 0.0346 0 10 12 25
patches 0.0346 158 0 165 9
patches 0.0346 0 92 11 97
patches 0.0346 0 145 10 158
patches 0.0346 148 0 154 10
patches 0.0346 0 30 11 39
patches 0.0345 0 175 12 181
patches 0.0345 27 0 42 4
patches 0.0345 25 0 31 10
patches 0.0344 10 195 25 200
patches 0.0344 0 155 20 161
patches 0.0344 189 185 200 191
patches 0.0344 190 111 200 118
patches 0.0344 0 124 8 132
patches 0.0344 182 0 198 19
patches 0.0343 165 0 184 7
patches 0.0342 191 8 200 14
patches 0.0342 0 181 10 187
patches 0.0341 0 55 6 66
patches 0.0340 190 118 200 124
patches 0.0339 71 0 97 3
patches 0.0339 120 193 130 200
patches 0.0338 0 89 6 99
patches 0.0338 16 111 33 118
patches 0.0338 98 0 118 10
patches 0.0338 48 0 54 11
patches 0.0338 0 50 11 60
patches 0.0338 181 122 199 157
patches 0.0337 62 0 74 9
patches 0.0337 94 191 102 199
patches 0.0337 190 158 200 164
patches 0.0337 193 73 200 83
patches 0.0337 190 27 200 41
patches 0.0337 149 196 175 200
patches 0.0337 131 0 138 8
patches 0.0337 192 97 200 106
patches 0.0336 117 0 133 7
patches 0.0336 169 195 186 200
patches 0.0336 94 0 102 9
patches 0.0335 38 192 46 199
patches 0.0335 131 158 154 164
patches 0.0335 0 14 13 21
patches 0.0334 0 98 4 112
patches 0.0334 67 187 88 199
patches 0.0334 0 114 10 128
patches 0.0334 71 0 78 10
patches 0.0333 135 0 141 11
patches 0.0333 98 0 105 9
patches 0.0333 43 192 52 200
patches 0.0333 0 127 8 135
patches 0.0333 49 188 72 194
patches 0.0333 104 0 118 8
patches 0.0332 0 63 13 88
patches 0.0332 145 0 151 10
patches 0.0332 191 95 199 101
patches 0.0331 0 33 6 43
patches 0.0330 23 0 39 8
patches 0.0330 0 98 8 105
patches 0.0330 0 178 5 192
patches 0.0330 194 93 200 103
patches 0.0330 153 191 162 199
patches 0.0330 0 168 11 181
patches 0.0330 102 180 117 200
patches 0.0329 109 0 120 6
patches 0.0329 45 0 50 11
patches 0.0329 0 27 11 36
patches 0.0329 147 183 187 200
patches 0.0328 0 127 17 143
patches 0.0328 143 168 162 174
patches 0.0327 38 0 52 4
patches 0.0327 180 116 189 132
patches 0.0327 0 107 8 150
patches 0.0326 28 0 34 10
patches 0.0326 161 0 168 8
patches 0.0326 187 90 200 99
patches 0.0326 0 128 5 142
patches 0.0326 14 0 31 16
patches 0.0325 0 24 4 39
patches 0.0325 144 162 160 179
patches 0.0325 172 0 191 11
patches 0.0325 17 0 34 7
patches 0.0324 0 92 7 136
patches 0.0324 52 148 71 154
patches 0.0323 196 163 199 190
patches 0.0323 0 46 6 57
patches 0.0323 0 71 15 95
patches 0.0323 117 191 132 200
patches 0.0322 193 186 200 196
patches 0.0320 163 187 190 200
patches 0.0320 55 188 75 199
patches 0.0320 136 0 146 6
patches 0.0320 0 107 8 115
patches 0.0319 89 186 107 199
patches 0.0319 190 67 200 82
patches 0.0319 131 192 138 200
patches 0.0318 4 85 22 91
patches 0.0318 74 0 90 5
patches 0.0318 189 5 200 38
patches 0.0317 0 72 6 83
patches 0.0317 126 0 142 5
patches 0.0317 164 0 171 10
patches 0.0317 0 83 13 98
patches 0.0316 0 5 5 19
patches 0.0316 193 109 200 119
patches 0.0315 100 181 135 199
patches 0.0315 84 28 102 34
patches 0.0315 76 103 89 149
patches 0.0314 186 107 200 122
patches 0.0314 133 0 143 6
patches 0.0314 0 168 12 174
patches 0.0314 0 145 4 159
patches 0.0314 0 121 4 135
patches 0.0314 0 95 10 101
patches 0.0314 19 0 36 4
patches 0.0314 84 101 96 154
patches 0.0313 127 181 147 200
patches 0.0313 78 0 105 4
patches 0.0313 189 178 200 184
patches 0.0312 0 166 3 188
patches 0.0312 141 159 162 165
patches 0.0312 143 164 163 171
patches 0.0312 0 30 10 62
patches 0.0311 192 1 198 13
patches 0.0311 0 59 6 70
patches 0.0311 0 5 11 11
patches 0.0310 190 138 200 144
patches 0.0310 142 192 194 200
patches 0.0310 0 150 10 179
patches 0.0310 0 165 19 171
patches 0.0309 193 89 200 100
patches 0.0307 190 91 200 97
patches 0.0307 0 25 14 47
patches 0.0306 89 188 100 199
patches 0.0306 43 0 59 5
patches 0.0306 134 192 142 200
patches 0.0306 0 47 5 62
patches 0.0306 49 193 60 200
patches 0.0305 0 98 15 104
patches 0.0304 18 80 38 96
patches 0.0304 190 98 199 137
patches 0.0304 153 0 171 5
patches 0.0303 32 72 53 77
patches 0.0303 0 145 17 150
patches 0.0303 191 190 198 198
patches 0.0303 0 130 7 173
patches 0.0302 189 181 200 187
patches 0.0301 0 148 16 154
patches 0.0301 0 120 8 129
patches 0.0301 0 48 11 54
patches 0.0300 175 0 181 9
patches 0.0298 0 178 11 184
patches 0.0298 185 50 200 65
patches 0.0298 190 149 200 164
patches 0.0297 183 81 200 94
patches 0.0297 195 113 200 130
patches 0.0297 147 190 156 199
patches 0.0296 35 184 53 199
patches 0.0296 60 5 78 11
patches 0.0296 80 93 88 105
patches 0.0295 189 180 200 194
patches 0.0295 87 131 106 137
patches 0.0295 63 1 82 7
patches 0.0294 42 28 61 34
patches 0.0294 195 149 200 165
patches 0.0294 53 0 70 8
patches 0.0294 62 195 79 200
patches 0.0294 0 74 12 104
patches 0.0293 20 91 41 98
patches 0.0293 0 17 4 32
patches 0.0293 90 28 108 35
patches 0.0292 189 88 200 94
patches 0.0292 62 192 73 200
patches 0.0292 190 172 200 178
patches 0.0291 190 175 199 181
patches 0.0291 71 117 94 142
patches 0.0291 73 191 90 199
patches 0.0290 6 194 16 200
patches 0.0290 106 8 126 14
patches 0.0289 113 138 131 144
patches 0.0289 179 0 184 14
patches 0.0289 157 79 172 94
patches 0.0289 74 192 82 200
patches 0.0288 15 54 30 69
patches 0.0288 196 138 199 165
patches 0.0288 22 58 42 64
patches 0.0287 171 0 177 9
patches 0.0287 137 0 152 5
patches 0.0287 75 97 91 104
patches 0.0286 3 51 20 57
patches 0.0286 192 43 200 52
patches 0.0286 33 191 51 200
patches 0.0285 157 81 174 88
patches 0.0285 182 192 193 200
patches 0.0285 177 174 195 180
patches 0.0285 0 45 16 50
patches 0.0285 75 0 82 9
patches 0.0285 156 85 174 90
patches 0.0285 62 142 83 147
patches 0.0285 0 88 10 121
patches 0.0285 58 186 65 197
patches 0.0285 0 159 16 164
patches 0.0284 106 155 125 163
patches 0.0283 168 187 174 199
patches 0.0283 196 131 199 155
patches 0.0283 36 0 46 6
patches 0.0283 24 188 52 200
patches 0.0282 162 181 175 200
patches 0.0282 0 102 15 107
patches 0.0282 51 145 74 151
patches 0.0281 36 44 54 51
patches 0.0281 36 105 55 120
patches 0.0281 184 165 191 179
patches 0.0281 0 112 12 118
patches 0.0281 18 1 24 14
patches 0.0280 0 144 12 152
patches 0.0280 55 0 72 18
patches 0.0280 96 180 110 200
patches 0.0279 181 189 189 200
patches 0.0279 30 192 38 200
patches 0.0279 137 192 145 200
patches 0.0278 185 84 199 91
patches 0.0278 61 0 79 17
patches 0.0278 41 183 57 200
patches 0.0277 193 6 200 57
patches 0.0277 13 62 32 68
patches 0.0277 90 0 98 8
patches 0.0276 0 164 5 178
patches 0.0276 16 193 26 200
patches 0.0276 0 43 19 79
patches 0.0276 193 59 200 69
patches 0.0276 180 1 200 32
patches 0.0275 190 135 200 141
patches 0.0275 190 110 200 126
patches 0.0275 0 174 10 188
patches 0.0274 170 154 178 168
patches 0.0274 39 148 62 155
patches 0.0274 5 82 26 88
patches 0.0274 0 50 13 74
patches 0.0274 17 77 25 96
patches 0.0274 127 192 135 200
patches 0.0274 28 0 43 12
patches 0.0274 29 22 49 28
patches 0.0274 177 187 193 199
patches 0.0273 141 0 157 8
patches 0.0273 91 125 98 142
patches 0.0273 0 162 14 168
patches 0.0273 61 186 69 197
patches 0.0273 33 0 50 13
patches 0.0273 39 0 51 9
patches 0.0272 177 125 198 132
patches 0.0272 16 188 34 199
patches 0.0272 92 126 110 143
patches 0.0272 112 5 131 11
patches 0.0271 126 168 148 174
patches 0.0271 191 98 199 112
patches 0.0270 30 65 49 71
patches 0.0270 107 152 126 158
patches 0.0270 188 125 199 131
patches 0.0270 115 95 137 100
patches 0.0270 25 186 31 199
patches 0.0270 184 111 199 133
patches 0.0270 190 163 199 178
patches 0.0269 66 0 84 4
patches 0.0269 77 92 92 106
patches 0.0269 0 172 5 185
patches 0.0268 91 185 98 199
patches 0.0268 193 148 200 159
patches 0.0268 18 151 37 158
patches 0.0268 48 187 55 199
patches 0.0267 179 158 198 164
patches 0.0267 188 10 199 19
patches 0.0267 0 141 14 155
patches 0.0267 180 101 200 134
patches 0.0267 169 193 180 200
patches 0.0266 89 140 103 148
patches 0.0266 178 116 195 133
patches 0.0266 91 192 99 199
patches 0.0266 189 159 199 191
patches 0.0265 190 148 200 155
patches 0.0265 21 188 29 199
patches 0.0265 190 161 200 168
patches 0.0265 91 114 98 131
patches 0.0265 116 98 138 104
patches 0.0265 26 178 46 184
patches 0.0265 114 105 130 111
patches 0.0265 78 0 95 7
patches 0.0264 70 0 88 8
patches 0.0264 88 130 95 145
patches 0.0264 30 28 50 34
patches 0.0264 101 190 108 199
patches 0.0263 83 92 91 106
patches 0.0263 119 129 138 146
patches 0.0263 92 122 112 128
patches 0.0263 78 0 85 8
patches 0.0263 136 128 153 134
patches 0.0263 55 162 76 168
patches 0.0262 33 31 53 37
patches 0.0262 87 139 107 144
patches 0.0262 89 106 111 111
patches 0.0262 0 166 15 187
patches 0.0262 43 161 63 168
patches 0.0262 135 127 155 142
patches 0.0261 86 134 98 142
patches 0.0261 161 186 167 200
patches 0.0260 49 181 64 200
patches 0.0260 83 78 102 84
patches 0.0260 169 180 183 200
patches 0.0260 75 95 93 101
patches 0.0260 19 57 31 66
patches 0.0260 0 172 12 177
patches 0.0259 182 134 200 152
patches 0.0259 48 15 69 20
patches 0.0259 155 181 169 200
patches 0.0259 0 148 9 155
patches 0.0259 34 22 57 27
patches 0.0259 36 91 56 97
patches 0.0259 73 42 91 58
patches 0.0258 46 191 63 199
patches 0.0258 184 188 191 199
patches 0.0258 164 0 177 5
patches 0.0258 113 102 133 108
patches 0.0258 117 189 158 200
patches 0.0258 101 176 108 191
patches 0.0258 0 104 5 118
patches 0.0258 164 190 171 199
patches 0.0258 0 25 13 31
patches 0.0258 26 189 36 199
patches 0.0257 23 0 37 21
patches 0.0257 44 159 66 165
patches 0.0257 41 32 60 38
patches 0.0257 186 11 200 26
patches 0.0257 80 192 89 199
patches 0.0256 141 190 148 199
patches 0.0256 153 0 172 11
patches 0.0256 178 117 185 133
patches 0.0256 102 127 116 161
patches 0.0256 135 195 153 200
patches 0.0256 1 81 15 90
patches 0.0256 132 133 152 144
patches 0.0255 30 23 47 39
patches 0.0255 115 189 137 194
patches 0.0255 3 0 41 18
patches 0.0255 52 141 71 155
patches 0.0255 84 192 92 199
patches 0.0255 49 68 71 73
patches 0.0255 0 116 6 126
patches 0.0255 161 192 169 199
patches 0.0255 148 180 164 199
patches 0.0255 24 88 45 94
patches 0.0255 142 161 160 168
patches 0.0255 88 71 95 86
patches 0.0255 3 56 20 72
patches 0.0255 73 99 92 130
patches 0.0255 36 114 56 121
patches 0.0254 166 0 200 7
patches 0.0254 75 187 95 199
patches 0.0254 14 192 22 200
patches 0.0254 94 119 101 132
patches 0.0254 2 65 22 71
patches 0.0254 123 42 139 48
patches 0.0254 90 127 107 134
patches 0.0253 189 168 200 174
patches 0.0253 34 8 51 14
patches 0.0253 3 81 20 95
patches 0.0253 130 58 152 72
patches 0.0253 130 192 147 200
patches 0.0252 20 62 38 68
patches 0.0252 15 54 21 70
patches 0.0252 191 141 200 148
patches 0.0252 173 135 195 140
patches 0.0252 0 149 15 162
patches 0.0252 72 55 93 60
patches 0.0251 97 191 105 199
patches 0.0251 168 159 187 165
patches 0.0251 47 61 65 68
patches 0.0251 190 135 200 149
patches 0.0251 49 65 68 70
patches 0.0251 83 39 102 44
patches 0.0251 0 6 21 38
patches 0.0251 161 120 176 156
patches 0.0251 53 72 75 78
patches 0.0251 47 0 63 9
patches 0.0251 106 178 127 184
patches 0.0251 32 115 38 131
patches 0.0251 155 161 178 167
patches 0.0250 0 61 16 77
patches 0.0250 0 8 11 14
patches 0.0250 2 55 20 60
patches 0.0250 122 192 141 199
patches 0.0250 68 140 82 149
patches 0.0250 16 108 34 114
patches 0.0250 18 54 25 69
patches 0.0249 7 107 26 122
patches 0.0249 14 58 32 64
patches 0.0249 38 112 60 119
patches 0.0249 29 24 49 30
patches 0.0248 32 68 53 74
patches 0.0248 193 182 200 192
patches 0.0248 88 102 108 107
patches 0.0248 107 189 115 199
patches 0.0248 193 86 200 96
patches 0.0248 104 191 112 200
patches 0.0248 52 142 74 148
patches 0.0248 189 171 200 185
patches 0.0248 97 118 104 133
patches 0.0247 184 167 200 182
patches 0.0247 111 149 118 165
patches 0.0247 142 185 148 198
patches 0.0247 6 105 24 111
patches 0.0247 123 191 132 200
patches 0.0247 102 194 119 200
patches 0.0247 176 78 195 92
patches 0.0247 110 141 129 147
patches 0.0247 70 110 93 135
patches 0.0247 42 24 62 31
patches 0.0246 44 14 60 21
patches 0.0246 126 132 146 146
patches 0.0246 120 172 139 187
patches 0.0246 34 11 52 17
patches 0.0246 130 168 138 184
patches 0.0246 185 176 200 191
patches 0.0246 4 47 11 62
patches 0.0246 41 30 54 39
patches 0.0246 72 147 85 156
patches 0.0246 40 68 59 74
patches 0.0245 147 0 163 12
patches 0.0245 121 190 128 199
patches 0.0245 48 151 69 157
patches 0.0245 147 113 164 131
patches 0.0245 0 143 6 153
patches 0.0245 192 41 200 91
patches 0.0245 56 194 73 199
patches 0.0244 35 158 56 164
patches 0.0244 4 192 12 200
patches 0.0244 0 118 10 124
patches 0.0244 73 130 88 145
patches 0.0244 45 27 64 42
patches 0.0244 0 134 5 147
patches 0.0244 73 40 93 47
patches 0.0244 32 148 54 154
patches 0.0243 85 61 101 68
patches 0.0243 40 142 59 147
patches 0.0243 108 148 115 165
patches 0.0243 128 62 151 69
patches 0.0243 71 144 84 152
patches 0.0243 119 178 140 185
patches 0.0243 53 67 72 82
patches 0.0243 143 157 158 167
patches 0.0243 186 187 199 195
patches 0.0243 18 187 24 199
patches 0.0243 0 192 36 200
patches 0.0242 169 138 189 144
patches 0.0242 70 145 88 150
patches 0.0242 77 91 85 104
patches 0.0242 16 54 28 63
patches 0.0242 36 177 53 184
patches 0.0242 180 171 197 178
patches 0.0242 61 104 79 119
patches 0.0242 20 55 37 61
patches 0.0242 25 62 46 67
patches 0.0242 62 145 76 182
patches 0.0241 185 154 200 168
patches 0.0241 96 184 115 191
patches 0.0241 33 15 53 20
patches 0.0241 3 62 23 68
patches 0.0241 26 191 44 199
patches 0.0241 2 158 23 164
patches 0.0241 180 5 199 11
patches 0.0241 62 145 83 151
patches 0.0241 0 107 11 121
patches 0.0240 166 191 183 200
patches 0.0240 91 148 107 154
patches 0.0240 106 25 126 31
patches 0.0240 159 181 179 187
patches 0.0240 82 181 97 200
patches 0.0240 170 188 178 199
patches 0.0240 185 57 200 71
patches 0.0240 14 79 21 94
patches 0.0240 175 134 190 142
patches 0.0240 179 165 200 171
patches 0.0239 17 114 33 121
patches 0.0239 13 39 30 45
patches 0.0238 43 165 64 171
patches 0.0238 7 108 24 115
patches 0.0238 97 158 106 172
patches 0.0238 30 182 43 200
patches 0.0238 194 120 200 133
patches 0.0238 92 143 105 153
patches 0.0238 123 1 140 7
patches 0.0238 138 186 144 199
patches 0.0238 0 186 6 196
patches 0.0237 75 52 95 58
patches 0.0237 136 185 155 198
patches 0.0237 28 91 49 97
patches 0.0237 42 22 64 27
patches 0.0237 183 124 200 138
patches 0.0237 59 8 78 14
patches 0.0237 82 121 101 150
patches 0.0236 83 75 102 81
patches 0.0236 168 47 187 62
patches 0.0236 54 164 74 171
patches 0.0236 58 148 77 154
patches 0.0236 113 41 131 48
patches 0.0236 46 98 65 104
patches 0.0236 85 186 91 199
patches 0.0236 60 121 79 127
patches 0.0236 73 188 83 198
patches 0.0236 30 0 43 21
patches 0.0235 85 42 107 47
patches 0.0235 99 73 118 81
patches 0.0235 115 135 137 140
patches 0.0235 0 168 21 197
patches 0.0235 159 98 179 104
patches 0.0235 112 20 124 30
patches 0.0235 141 180 160 195
patches 0.0235 186 193 197 200
patches 0.0235 38 172 59 177
patches 0.0234 93 135 112 141
patches 0.0234 114 185 121 197
patches 0.0234 67 132 82 148
patches 0.0234 70 148 89 154
patches 0.0234 11 50 27 65
patches 0.0234 91 125 108 131
patches 0.0233 53 62 72 68
patches 0.0233 172 179 194 183
patches 0.0233 125 0 131 14
patches 0.0233 96 48 115 54
patches 0.0233 11 192 19 200
patches 0.0233 180 51 198 57
patches 0.0233 152 54 170 69
patches 0.0233 11 0 46 10
patches 0.0233 180 142 200 157
patches 0.0233 7 81 21 90
patches 0.0232 117 181 125 194
patches 0.0232 117 132 125 145
patches 0.0232 126 0 142 12
patches 0.0232 78 190 85 199
patches 0.0232 177 122 199 128
patches 0.0232 7 130 28 144
patches 0.0232 34 114 42 130
patches 0.0232 9 155 29 161
patches 0.0232 54 141 62 155
patches 0.0231 81 131 97 145
patches 0.0231 80 70 87 86
patches 0.0231 3 5 22 11
patches 0.0231 109 172 131 177
patches 0.0231 16 165 36 172
patches 0.0231 36 41 54 54
patches 0.0231 83 31 102 37
patches 0.0231 93 141 110 147
patches 0.0231 38 27 51 36
patches 0.0231 181 170 197 185
patches 0.0231 8 190 14 200
patches 0.0231 58 108 80 115
patches 0.0230 65 67 84 82
patches 0.0230 87 119 107 124
patches 0.0230 91 98 112 104
patches 0.0230 146 115 166 120
patches 0.0230 114 54 122 71
patches 0.0230 26 183 66 199
patches 0.0230 3 49 17 65
patches 0.0230 85 0 102 8
patches 0.0230 88 187 108 194
patches 0.0230 185 17 200 30
patches 0.0230 11 74 18 92
patches 0.0230 151 188 173 194
patches 0.0229 56 91 73 97
patches 0.0229 3 82 13 93
patches 0.0229 40 138 59 144
patches 0.0229 175 118 181 134
patches 0.0229 13 39 28 56
patches 0.0229 7 83 24 98
patches 0.0229 55 153 73 169
patches 0.0229 93 25 112 31
patches 0.0229 140 188 170 199
patches 0.0229 83 25 101 31
patches 0.0229 87 155 105 160
patches 0.0228 188 41 195 56
patches 0.0228 0 22 15 27
patches 0.0228 48 61 55 75
patches 0.0228 157 182 164 198
patches 0.0228 39 62 61 67
patches 0.0228 42 24 58 39
patches 0.0228 3 127 12 141
patches 0.0228 35 113 54 129
patches 0.0228 20 81 28 95
patches 0.0228 104 91 122 97
patches 0.0228 97 181 115 187
patches 0.0228 160 115 177 121
patches 0.0228 36 42 56 48
patches 0.0228 70 142 87 148
patches 0.0228 180 169 200 174
patches 0.0228 126 15 145 21
patches 0.0228 12 168 33 173
patches 0.0228 161 80 168 94
patches 0.0227 3 151 21 165
patches 0.0227 106 95 127 100
patches 0.0227 61 190 69 199
patches 0.0227 142 157 160 172
patches 0.0227 102 71 120 78
patches 0.0227 145 135 163 141
patches 0.0227 181 164 188 178
patches 0.0227 171 130 177 146
patches 0.0227 35 95 57 100
patches 0.0227 102 6 126 11
patches 0.0227 70 151 88 158
patches 0.0227 24 50 31 66
patches 0.0227 113 108 130 114
patches 0.0227 25 151 44 158
patches 0.0226 57 105 65 118
patches 0.0226 52 18 73 24
patches 0.0226 41 104 61 118
patches 0.0226 38 109 61 115
patches 0.0226 161 87 175 95
patches 0.0226 164 145 181 150
patches 0.0226 82 35 103 40
patches 0.0226 98 185 105 199
patches 0.0226 93 72 114 78
patches 0.0225 32 26 46 36
patches 0.0225 20 52 39 57
patches 0.0225 20 53 35 68
patches 0.0225 193 178 200 189
patches 0.0225 86 24 98 33
patches 0.0225 145 189 151 199
patches 0.0225 119 92 139 97
patches 0.0225 138 25 156 31
patches 0.0225 66 135 83 141
patches 0.0225 0 135 25 149
patches 0.0225 0 170 7 180
patches 0.0225 37 175 58 181
patches 0.0225 103 105 122 111
patches 0.0225 156 191 173 199
patches 0.0224 110 4 126 13
patches 0.0224 57 178 76 184
patches 0.0224 115 155 136 161
patches 0.0224 114 95 121 110
patches 0.0224 55 159 76 165
patches 0.0224 162 22 176 59
patches 0.0224 95 55 116 61
patches 0.0224 29 85 50 91
patches 0.0223 114 174 121 189
patches 0.0223 174 128 194 134
patches 0.0223 140 150 148 165
patches 0.0223 114 35 121 50
patches 0.0223 175 134 181 149
patches 0.0223 73 131 90 137
patches 0.0223 46 109 67 116
patches 0.0223 94 185 101 198
patches 0.0223 172 171 193 177
patches 0.0223 4 165 28 171
patches 0.0223 134 15 152 21
patches 0.0223 117 95 125 110
patches 0.0223 113 130 130 145
patches 0.0223 111 52 130 57
patches 0.0223 3 8 22 14
patches 0.0223 84 126 97 163
patches 0.0222 32 194 44 200
patches 0.0222 119 46 135 65
patches 0.0222 105 175 126 180
patches 0.0222 11 148 18 163
patches 0.0222 140 128 162 141
patches 0.0222 83 192 100 199
patches 0.0222 6 87 27 94
patches 0.0222 174 190 181 199
patches 0.0222 140 12 160 18
patches 0.0222 96 191 114 200
patches 0.0222 49 63 67 79
patches 0.0222 41 155 65 160
patches 0.0222 73 135 92 141
patches 0.0222 186 94 200 109
patches 0.0222 2 68 21 74
patches 0.0221 112 95 118 111
patches 0.0221 33 19 55 24
patches 0.0221 0 76 25 90
patches 0.0221 21 54 29 68
patches 0.0221 10 55 30 60
patches 0.0221 196 122 199 150
patches 0.0221 154 187 161 197
patches 0.0221 161 158 168 170
patches 0.0221 44 60 51 76
patches 0.0221 69 105 83 144
patches 0.0221 0 114 15 121
patches 0.0221 87 175 95 193
patches 0.0221 130 40 146 54
patches 0.0221 187 165 195 180
patches 0.0221 106 88 124 94
patches 0.0221 67 191 75 200
patches 0.0220 0 149 22 180
patches 0.0220 4 36 11 53
patches 0.0220 6 192 24 200
patches 0.0220 81 0 89 8
patches 0.0220 15 65 34 70
patches 0.0220 133 135 142 147
patches 0.0220 17 103 32 119
patches 0.0220 74 185 95 191
patches 0.0220 56 88 74 95
patches 0.0220 0 96 13 109
patches 0.0220 57 11 75 17
patches 0.0220 82 67 100 83
patches 0.0220 3 169 25 175
patches 0.0219 151 179 158 196
patches 0.0219 177 188 192 194
patches 0.0219 7 152 27 158
patches 0.0219 0 155 14 169
patches 0.0219 43 159 62 172
patches 0.0219 189 85 199 123
patches 0.0219 112 104 125 113
patches 0.0219 51 61 58 74
patches 0.0219 45 72 68 77
patches 0.0218 96 95 115 100
patches 0.0218 110 174 118 189
patches 0.0218 31 44 46 52
patches 0.0218 150 61 166 69
patches 0.0218 160 83 176 98
patches 0.0218 13 179 30 195
patches 0.0218 3 55 12 67
patches 0.0218 105 174 124 190
patches 0.0218 91 104 106 113
patches 0.0218 177 124 186 136
patches 0.0218 0 134 16 146
patches 0.0218 36 48 56 53
patches 0.0218 181 51 188 64
patches 0.0217 130 45 149 50
patches 0.0217 53 176 74 181
patches 0.0217 112 38 132 45
patches 0.0217 94 72 101 85
patches 0.0217 118 161 140 167
patches 0.0217 61 27 79 43
patches 0.0217 183 102 200 119
patches 0.0217 16 88 34 105
patches 0.0217 24 166 46 171
patches 0.0217 15 157 33 172
patches 0.0217 114 144 121 162
patches 0.0217 119 5 137 11
patches 0.0217 73 128 90 134
patches 0.0217 74 154 90 161
patches 0.0217 35 65 56 71
patches 0.0217 11 38 25 46
patches 0.0217 172 182 193 187
patches 0.0217 192 125 200 136
patches 0.0217 77 31 85 47
patches 0.0217 68 0 86 15
patches 0.0217 143 41 160 47
patches 0.0217 0 128 16 134
patches 0.0217 108 130 123 163
patches 0.0216 10 85 27 91
patches 0.0216 187 138 200 160
patches 0.0216 48 0 65 18
patches 0.0216 92 52 114 57
patches 0.0216 22 57 40 71
patches 0.0216 42 18 64 24
patches 0.0216 16 133 33 141
patches 0.0216 143 54 162 70
patches 0.0216 99 193 111 200
patches 0.0216 64 187 72 198
patches 0.0216 26 94 42 102
patches 0.0215 74 96 90 112
patches 0.0215 31 84 38 99
patches 0.0215 146 181 155 195
patches 0.0215 146 88 166 94
patches 0.0215 128 135 144 143
patches 0.0215 7 105 15 121
patches 0.0215 144 171 150 190
patches 0.0215 172 178 191 192
patches 0.0215 6 78 25 84
patches 0.0215 0 141 11 147
patches 0.0215 14 131 21 144
patches 0.0215 191 145 200 151
patches 0.0215 31 115 51 120
patches 0.0215 55 65 76 70
patches 0.0215 132 0 137 15
patches 0.0215 95 28 116 34
patches 0.0214 55 67 69 75
patches 0.0214 28 52 34 69
patches 0.0214 106 157 125 165
patches 0.0214 129 15 147 28
patches 0.0214 190 164 200 171
patches 0.0214 169 168 192 174
patches 0.0214 133 62 158 73
patches 0.0214 190 158 200 172
patches 0.0214 133 132 154 138
patches 0.0213 191 7 198 23
patches 0.0213 36 175 53 191
patches 0.0213 130 0 143 22
patches 0.0213 68 137 81 145
patches 0.0213 164 141 180 147
patches 0.0213 35 181 56 187
patches 0.0213 14 82 33 87
patches 0.0213 74 39 95 45
patches 0.0213 23 24 42 31
patches 0.0213 107 55 126 61
patches 0.0213 0 119 24 146
patches 0.0213 77 47 92 56
patches 0.0213 41 0 58 17
patches 0.0213 67 131 83 137
patches 0.0213 170 120 184 156
patches 0.0213 174 181 188 189
patches 0.0213 73 54 91 69
patches 0.0212 95 0 107 6
patches 0.0212 52 75 72 81
patches 0.0212 165 188 187 194
patches 0.0212 106 99 127 104
patches 0.0212 100 134 116 141
patches 0.0212 7 138 28 144
patches 0.0212 23 63 39 71
patches 0.0212 41 151 62 157
patches 0.0212 93 43 110 59
patches 0.0212 37 114 46 128
patches 0.0212 99 41 118 47
patches 0.0212 123 37 137 51
patches 0.0212 0 9 22 23
patches 0.0212 112 192 123 200
patches 0.0212 90 105 108 119
patches 0.0212 86 159 105 164
patches 0.0212 31 172 49 178
patches 0.0212 123 38 140 44
patches 0.0212 83 22 102 27
patches 0.0211 142 170 160 186
patches 0.0211 75 138 96 144
patches 0.0211 91 68 97 84
patches 0.0211 72 176 90 192
patches 0.0211 28 113 43 122
patches 0.0211 115 58 133 65
patches 0.0211 137 173 156 189
patches 0.0211 107 124 122 132
patches 0.0211 116 86 126 97
patches 0.0211 89 31 109 37
patches 0.0211 178 55 200 61
patches 0.0210 44 137 51 154
patches 0.0210 178 186 185 200
patches 0.0210 108 93 122 102
patches 0.0210 2 58 22 64
patches 0.0210 35 190 41 200
patches 0.0210 180 125 189 136
patches 0.0210 55 180 75 195
patches 0.0210 91 134 99 147
patches 0.0210 7 148 24 163
patches 0.0210 113 44 132 51
patches 0.0210 174 86 181 103
patches 0.0209 12 41 29 47
patches 0.0209 4 187 29 200
patches 0.0209 128 164 150 170
patches 0.0209 65 191 84 199
patches 0.0209 53 181 74 187
patches 0.0209 0 17 12 32
patches 0.0209 49 78 69 84
patches 0.0209 118 87 124 102
patches 0.0209 147 92 165 98
patches 0.0209 126 168 142 185
patches 0.0209 23 75 40 81
patches 0.0209 177 0 190 23
patches 0.0209 193 142 200 154
patches 0.0209 194 131 200 145
patches 0.0209 164 111 172 126
patches 0.0209 33 62 53 68
patches 0.0209 143 171 163 177
patches 0.0209 83 45 101 51
patches 0.0208 97 71 105 85
patches 0.0208 186 48 196 60
patches 0.0208 4 171 28 178
patches 0.0208 84 48 103 54
patches 0.0208 132 156 154 161
patches 0.0208 18 148 39 155
patches 0.0208 90 121 102 130
patches 0.0208 4 7 11 22
patches 0.0208 8 135 31 141
patches 0.0208 32 53 37 71
patches 0.0208 87 185 106 191
patches 0.0208 107 65 116 77
patches 0.0208 146 85 167 90
patches 0.0208 86 137 100 145
patches 0.0208 175 126 182 141
patches 0.0208 148 155 155 168
patches 0.0207 56 15 75 21
patches 0.0207 82 72 103 77
patches 0.0207 180 172 191 183
patches 0.0207 167 11 183 18
patches 0.0207 4 75 11 90
patches 0.0207 5 111 25 118
patches 0.0207 5 37 21 45
patches 0.0207 40 1 59 7
patches 0.0207 105 7 124 21
patches 0.0207 128 18 149 24
patches 0.0207 40 71 58 77
patches 0.0207 6 54 23 69
patches 0.0207 39 186 44 200
patches 0.0207 107 86 123 102
patches 0.0207 138 155 145 167
patches 0.0207 0 68 20 83
patches 0.0206 90 139 106 156
patches 0.0206 32 151 54 157
patches 0.0206 180 163 196 180
patches 0.0206 61 112 80 118
patches 0.0206 107 123 115 140
patches 0.0206 94 129 101 146
patches 0.0206 52 60 70 75
patches 0.0206 127 161 149 168
patches 0.0206 163 78 179 92
patches 0.0206 0 86 19 104
patches 0.0206 53 191 62 200
patches 0.0206 186 64 200 79
patches 0.0206 107 148 126 154
patches 0.0206 76 133 93 147
patches 0.0206 140 98 157 104
patches 0.0206 84 70 98 79
patches 0.0205 0 110 7 119
patches 0.0205 84 55 101 61
patches 0.0205 103 102 124 107
patches 0.0205 94 145 110 151
patches 0.0205 113 88 133 94
patches 0.0205 32 67 50 82
patches 0.0205 140 172 148 189
patches 0.0205 94 124 102 138
patches 0.0205 65 68 85 74
patches 0.0205 139 132 162 139
patches 0.0205 189 40 199 72
patches 0.0205 176 82 198 89
patches 0.0205 170 151 188 167
patches 0.0205 148 117 162 126
patches 0.0205 31 123 39 139
patches 0.0205 35 6 50 21
patches 0.0205 30 145 38 158
patches 0.0205 19 77 40 84
patches 0.0204 75 91 89 100
patches 0.0204 118 34 124 50
patches 0.0204 101 37 108 52
patches 0.0204 5 102 11 119
patches 0.0204 151 154 158 169
patches 0.0204 178 18 194 24
patches 0.0204 102 102 116 139
patches 0.0204 120 130 128 146
patches 0.0204 5 148 12 163
patches 0.0204 57 179 65 193
patches 0.0204 163 81 181 87
patches 0.0204 176 126 195 142
patches 0.0204 74 129 81 147
patches 0.0204 159 22 177 27
patches 0.0204 53 80 70 96
patches 0.0204 63 138 83 144
patches 0.0204 52 147 69 161
patches 0.0204 83 133 94 143
patches 0.0204 81 68 103 73
patches 0.0204 165 2 177 13
patches 0.0204 28 124 44 131
patches 0.0204 180 8 198 14
patches 0.0203 138 174 159 180
patches 0.0203 23 81 31 96
patches 0.0203 83 122 103 127
patches 0.0203 66 18 83 24
patches 0.0203 142 181 162 187
patches 0.0203 26 175 48 181
patches 0.0203 75 31 94 46
patches 0.0203 49 9 67 24
patches 0.0203 54 60 61 74
patches 0.0203 49 11 69 17
patches 0.0203 88 27 95 42
patches 0.0203 0 87 9 101
patches 0.0203 48 136 55 154
patches 0.0203 137 127 146 142
patches 0.0203 159 163 178 179
patches 0.0203 30 168 48 174
patches 0.0203 107 59 125 64
patches 0.0202 114 134 135 147
patches 0.0202 44 0 84 9
patches 0.0202 15 50 28 59
patches 0.0202 14 151 22 165
patches 0.0202 101 158 109 171
patches 0.0202 134 155 141 169
patches 0.0202 77 71 99 86
patches 0.0202 145 87 159 96
patches 0.0202 2 50 16 93
patches 0.0202 6 160 25 174
patches 0.0202 52 155 73 160
patches 0.0202 41 5 58 11
patches 0.0202 60 6 76 22
patches 0.0202 145 53 158 62
patches 0.0202 144 186 153 198
patches 0.0202 140 44 157 51
patches 0.0201 104 36 112 51
patches 0.0201 85 58 102 65
patches 0.0201 45 81 64 87
patches 0.0201 84 0 92 8
patches 0.0201 29 117 42 126
patches 0.0201 21 104 28 120
patches 0.0201 12 109 29 125
patches 0.0201 177 84 195 92
patches 0.0201 115 97 129 106
patches 0.0201 116 25 133 31
patches 0.0201 94 178 101 193
patches 0.0201 4 175 28 181
patches 0.0201 129 137 147 155
patches 0.0201 82 182 103 187
patches 0.0201 8 74 14 91
patches 0.0200 5 63 17 73
patches 0.0200 77 176 85 191
patches 0.0200 112 50 125 59
patches 0.0200 8 77 21 86
patches 0.0200 144 156 151 167
patches 0.0200 109 182 132 187
patches 0.0200 15 154 36 160
patches 0.0200 23 183 36 200
patches 0.0200 19 112 30 123
patches 0.0200 38 9 44 26
patches 0.0200 151 189 159 198
patches 0.0200 0 46 15 62
patches 0.0200 122 95 143 101
patches 0.0200 117 159 140 165
patches 0.0200 158 118 179 124
patches 0.0200 135 65 157 71
patches 0.0200 7 148 15 163
patches 0.0200 13 44 31 50
crazing 0.5877 65 10 182 85
crazing 0.4254 34 146 186 195
crazing 0.2350 1 94 69 188
crazing 0.2331 50 85 183 152
crazing 0.2142 0 89 167 171
crazing 0.2043 89 116 196 188
crazing 0.2005 37 30 188 104
crazing 0.1637 1 120 172 195
crazing 0.1513 104 140 196 199
crazing 0.1441 108 87 195 155
crazing 0.1429 2 163 149 199
crazing 0.1406 8 103 115 187
crazing 0.1361 77 0 198 16
crazing 0.1332 163 109 199 200
crazing 0.1305 0 146 83 198
crazing 0.1299 163 78 200 145
crazing 0.1264 146 113 200 157
crazing 0.1256 0 37 68 157
crazing 0.1238 54 0 178 27
crazing 0.1238 84 152 165 198
crazing 0.1215 0 86 83 150
crazing 0.1191 80 65 184 182
crazing 0.1188 11 183 121 199
crazing 0.1161 25 0 148 14
crazing 0.1159 132 61 198 109
crazing 0.1152 149 147 199 199
crazing 0.1143 3 0 143 26
crazing 0.1142 47 0 105 37
crazing 0.1141 5 9 121 60
crazing 0.1140 133 0 200 22
crazing 0.1139 0 12 64 62
crazing 0.1133 1 71 45 161
crazing 0.1126 26 0 92 46
crazing 0.1124 162 0 199 125
crazing 0.1122 96 1 174 45
crazing 0.1119 0 59 56 117
crazing 0.1119 0 0 45 43
crazing 0.1119 10 35 137 86
crazing 0.1112 73 48 169 124
crazing 0.1110 141 12 200 49
crazing 0.1110 115 39 194 84
crazing 0.1106 5 12 58 120
crazing 0.1105 0 162 41 197
crazing 0.1095 146 93 199 182
crazing 0.1093 152 48 200 98
crazing 0.1091 102 54 196 140
crazing 0.1085 69 33 143 88
crazing 0.1085 0 0 35 82
crazing 0.1080 0 102 34 149
crazing 0.1079 0 182 79 199
crazing 0.1076 10 153 121 183
crazing 0.1075 167 132 200 173
crazing 0.1071 172 110 200 163
crazing 0.1070 126 17 164 46
crazing 0.1064 178 36 200 108
crazing 0.1055 149 52 199 137
crazing 0.1054 0 130 52 177
crazing 0.1054 34 97 111 150
crazing 0.1053 173 58 200 93
crazing 0.1051 0 34 64 86
crazing 0.1050 118 0 188 32
crazing 0.1044 25 42 99 98
crazing 0.1043 23 60 95 116
crazing 0.1042 137 182 200 200
crazing 0.1040 73 0 129 34
crazing 0.1038 171 31 200 155
crazing 0.1028 0 47 47 95
crazing 0.1021 179 8 200 86
crazing 0.1020 123 106 185 149
crazing 0.1012 140 18 197 98
crazing 0.1010 164 0 199 45
crazing 0.1008 65 1 113 55
crazing 0.1005 61 0 121 22
crazing 0.1002 66 175 145 199
crazing 0.1001 14 7 76 95
crazing 0.1000 0 0 53 22
crazing 0.1000 166 23 199 62
crazing 0.0998 21 166 93 200
crazing 0.0996 141 28 200 68
crazing 0.0993 38 2 86 86
crazing 0.0991 89 89 166 147
crazing 0.0990 147 0 188 44
crazing 0.0988 0 95 18 190
crazing 0.0987 0 153 47 183
crazing 0.0981 42 82 133 143
crazing 0.0979 54 8 119 93
crazing 0.0975 19 86 108 117
crazing 0.0974 93 12 128 48
crazing 0.0972 178 76 198 160
crazing 0.0971 79 16 179 150
crazing 0.0971 135 1 175 48
crazing 0.0970 0 115 58 157
crazing 0.0968 0 147 31 192
crazing 0.0961 21 27 92 64
crazing 0.0960 174 79 200 114
crazing 0.0959 136 46 200 76
crazing 0.0959 35 144 111 192
crazing 0.0958 152 2 197 73
crazing 0.0955 1 35 33 110
crazing 0.0954 175 155 200 198
crazing 0.0952 165 60 199 78
crazing 0.0950 0 0 22 53
crazing 0.0949 7 70 74 133
crazing 0.0947 100 0 146 31
crazing 0.0945 45 1 72 62
crazing 0.0941 0 28 35 66
crazing 0.0937 65 30 107 90
crazing 0.0935 94 29 129 64
crazing 0.0934 75 151 115 180
crazing 0.0934 4 60 101 89
crazing 0.0933 29 0 91 23
crazing 0.0931 54 164 127 199
crazing 0.0927 9 69 94 99
crazing 0.0925 162 175 200 199
crazing 0.0922 106 22 151 56
crazing 0.0921 0 142 16 200
crazing 0.0919 16 21 110 49
crazing 0.0916 0 18 16 113
crazing 0.0916 22 12 61 46
crazing 0.0913 5 0 80 31
crazing 0.0912 149 79 200 121
crazing 0.0907 141 136 200 169
crazing 0.0906 10 165 56 199
crazing 0.0906 167 149 199 182
crazing 0.0906 30 63 71 96
crazing 0.0903 30 74 83 124
crazing 0.0900 29 159 63 200
crazing 0.0897 59 1 87 60
crazing 0.0897 72 29 109 63
crazing 0.0894 147 77 200 89
crazing 0.0893 97 21 175 73
crazing 0.0891 83 2 155 65
crazing 0.0888 43 22 107 79
crazing 0.0886 0 110 36 186
crazing 0.0886 0 82 36 120
crazing 0.0886 13 50 71 96
crazing 0.0885 48 48 113 93
crazing 0.0885 80 4 117 41
crazing 0.0884 11 22 52 52
crazing 0.0880 52 75 118 126
crazing 0.0877 29 68 77 82
crazing 0.0876 57 19 153 46
crazing 0.0876 22 98 96 133
crazing 0.0874 0 38 27 74
crazing 0.0873 29 58 62 124
crazing 0.0872 168 26 197 101
crazing 0.0868 46 9 100 58
crazing 0.0867 31 140 120 165
crazing 0.0864 11 53 112 136
crazing 0.0863 64 86 105 120
crazing 0.0861 76 1 119 15
crazing 0.0860 84 157 117 200
crazing 0.0858 15 3 48 59
crazing 0.0856 45 174 100 200
crazing 0.0855 142 74 200 102
crazing 0.0854 111 87 151 118
crazing 0.0854 35 62 82 75
crazing 0.0852 125 0 156 38
crazing 0.0852 110 177 191 200
crazing 0.0850 136 21 172 54
crazing 0.0849 172 46 200 81
crazing 0.0848 102 68 142 105
crazing 0.0847 36 9 71 47
crazing 0.0846 105 112 174 157
crazing 0.0842 37 56 79 70
crazing 0.0842 0 18 42 49
crazing 0.0839 167 26 197 44
crazing 0.0839 4 41 92 76
crazing 0.0837 97 76 135 114
crazing 0.0835 29 21 62 99
crazing 0.0834 124 97 165 137
crazing 0.0832 104 19 196 49
crazing 0.0831 66 156 106 186
crazing 0.0826 156 37 198 49
crazing 0.0826 74 24 123 75
crazing 0.0825 174 1 200 33
crazing 0.0823 67 148 102 164
crazing 0.0821 161 111 200 141
crazing 0.0818 69 125 144 155
crazing 0.0818 74 62 127 109
crazing 0.0817 94 48 174 98
crazing 0.0816 103 89 147 102
crazing 0.0816 37 59 163 109
crazing 0.0816 93 161 136 199
crazing 0.0815 65 11 100 48
crazing 0.0811 56 29 95 58
crazing 0.0811 16 135 95 170
crazing 0.0811 77 8 121 22
crazing 0.0810 19 103 66 170
crazing 0.0809 85 43 176 78
crazing 0.0809 0 69 37 102
crazing 0.0809 19 136 65 195
crazing 0.0808 0 0 28 27
crazing 0.0808 36 112 71 152
crazing 0.0808 39 53 75 87
crazing 0.0807 16 63 54 96
crazing 0.0807 145 95 200 136
crazing 0.0806 42 160 73 200
crazing 0.0805 66 81 135 119
crazing 0.0805 78 20 117 54
crazing 0.0803 60 53 99 87
crazing 0.0801 82 13 114 31
crazing 0.0800 72 28 107 46
crazing 0.0800 109 151 166 162
crazing 0.0800 157 68 199 85
crazing 0.0798 37 66 63 88
crazing 0.0797 30 4 68 35
crazing 0.0795 65 71 104 107
crazing 0.0792 43 3 81 35
crazing 0.0792 105 95 142 129
crazing 0.0791 30 21 70 55
crazing 0.0788 115 138 157 170
crazing 0.0788 146 31 184 85
crazing 0.0787 68 40 98 59
crazing 0.0785 114 0 175 6
crazing 0.0785 113 57 166 107
crazing 0.0785 64 142 106 173
crazing 0.0783 25 110 167 155
crazing 0.0782 16 38 55 72
crazing 0.0780 132 0 170 26
crazing 0.0780 127 128 167 162
crazing 0.0779 37 125 107 179
crazing 0.0777 36 32 120 62
crazing 0.0773 9 142 50 172
crazing 0.0773 102 83 144 96
crazing 0.0771 90 0 133 24
crazing 0.0771 0 68 22 145
crazing 0.0769 172 31 195 55
crazing 0.0769 134 87 166 158
crazing 0.0769 125 13 177 64
crazing 0.0768 40 33 72 71
crazing 0.0768 106 8 152 23
crazing 0.0767 32 48 84 148
crazing 0.0767 23 59 49 79
crazing 0.0766 62 143 110 156
crazing 0.0765 120 74 156 107
crazing 0.0765 24 21 58 38
crazing 0.0759 1 134 38 165
crazing 0.0757 75 45 118 98
crazing 0.0756 122 120 166 149
crazing 0.0755 80 90 117 153
crazing 0.0752 58 98 116 175
crazing 0.0752 122 128 186 176
crazing 0.0750 106 17 159 30
crazing 0.0750 46 20 72 102
crazing 0.0749 21 85 66 145
crazing 0.0748 146 156 193 187
crazing 0.0748 69 155 103 173
crazing 0.0747 8 62 50 76
crazing 0.0746 114 85 200 114
crazing 0.0742 30 152 68 185
crazing 0.0741 162 0 189 19
crazing 0.0740 53 23 88 37
crazing 0.0738 0 95 57 141
crazing 0.0738 174 11 200 43
crazing 0.0737 80 150 134 191
crazing 0.0737 51 43 92 79
crazing 0.0736 125 1 162 18
crazing 0.0736 37 87 76 143
crazing 0.0736 104 95 149 109
crazing 0.0736 25 66 48 89
crazing 0.0731 133 157 176 191
crazing 0.0730 15 115 94 157
crazing 0.0726 151 85 187 161
crazing 0.0726 46 34 127 137
crazing 0.0726 8 36 53 49
crazing 0.0724 132 17 171 31
crazing 0.0723 65 33 151 63
crazing 0.0722 72 1 102 77
crazing 0.0720 51 98 152 129
crazing 0.0716 131 143 179 156
crazing 0.0716 150 0 200 6
crazing 0.0715 31 125 129 151
crazing 0.0714 25 30 61 66
crazing 0.0713 79 1 102 27
crazing 0.0712 142 150 189 163
crazing 0.0712 84 85 164 120
crazing 0.0712 88 87 128 119
crazing 0.0708 87 1 105 32
crazing 0.0708 43 62 56 103
crazing 0.0707 115 80 167 128
crazing 0.0707 52 21 85 53
crazing 0.0706 80 136 128 175
crazing 0.0705 83 0 114 73
crazing 0.0705 59 133 124 197
crazing 0.0704 117 22 165 35
crazing 0.0702 38 58 138 88
crazing 0.0702 49 89 95 141
crazing 0.0701 33 44 68 77
crazing 0.0701 25 54 61 86
crazing 0.0700 17 55 53 71
crazing 0.0699 0 143 44 155
crazing 0.0698 16 69 59 83
crazing 0.0698 52 63 91 94
crazing 0.0697 24 62 66 76
crazing 0.0697 28 121 65 161
crazing 0.0697 85 22 128 36
crazing 0.0692 12 82 48 116
crazing 0.0692 147 96 192 109
crazing 0.0691 114 0 140 19
crazing 0.0691 59 17 80 42
crazing 0.0690 16 3 56 34
crazing 0.0690 77 76 113 117
crazing 0.0689 19 72 61 105
crazing 0.0688 135 141 178 168
crazing 0.0688 25 72 58 92
crazing 0.0688 117 161 158 200
crazing 0.0686 123 9 166 23
crazing 0.0686 33 98 76 126
crazing 0.0686 61 106 145 144
crazing 0.0685 31 70 128 98
crazing 0.0682 115 152 157 186
crazing 0.0680 111 102 150 140
crazing 0.0680 57 23 89 95
crazing 0.0679 28 46 59 66
crazing 0.0679 36 61 49 103
crazing 0.0679 16 0 73 7
crazing 0.0679 51 103 90 166
crazing 0.0678 52 151 91 196
crazing 0.0678 25 16 72 30
crazing 0.0675 108 89 126 119
crazing 0.0675 0 30 32 42
crazing 0.0674 60 182 101 197
crazing 0.0673 100 36 135 72
crazing 0.0673 20 57 39 85
crazing 0.0672 64 59 112 146
crazing 0.0670 30 55 43 94
crazing 0.0670 87 100 158 176
crazing 0.0669 52 1 188 56
crazing 0.0669 124 27 168 41
crazing 0.0667 43 58 70 79
crazing 0.0665 174 101 199 135
crazing 0.0663 124 22 151 49
crazing 0.0663 85 0 143 7
crazing 0.0663 42 99 71 179
crazing 0.0662 14 18 47 88
crazing 0.0660 73 70 165 101
crazing 0.0658 93 95 137 153
crazing 0.0658 143 58 184 99
crazing 0.0658 135 91 170 128
crazing 0.0658 135 73 173 107
crazing 0.0657 161 41 200 70
crazing 0.0655 63 22 102 36
crazing 0.0655 126 108 162 126
crazing 0.0655 35 55 52 84
crazing 0.0655 43 56 72 127
crazing 0.0654 34 15 51 43
crazing 0.0653 43 28 77 59
crazing 0.0652 58 63 99 77
crazing 0.0650 49 49 94 63
crazing 0.0649 89 16 134 29
crazing 0.0649 44 153 80 187
crazing 0.0648 7 149 54 162
crazing 0.0648 40 13 58 43
crazing 0.0647 114 83 133 112
crazing 0.0647 143 87 179 120
crazing 0.0647 71 1 100 18
crazing 0.0647 81 149 122 163
crazing 0.0646 52 19 73 41
crazing 0.0645 10 28 54 43
crazing 0.0645 75 182 118 198
crazing 0.0645 109 149 147 164
crazing 0.0643 141 129 181 163
crazing 0.0643 24 0 61 25
crazing 0.0643 127 138 146 169
crazing 0.0643 37 22 70 39
crazing 0.0642 87 90 133 102
crazing 0.0640 76 33 102 55
crazing 0.0639 1 163 41 177
crazing 0.0638 44 69 82 103
crazing 0.0637 41 90 83 121
crazing 0.0637 43 180 81 199
crazing 0.0636 41 54 58 84
crazing 0.0636 61 116 111 161
crazing 0.0636 107 127 156 156
crazing 0.0635 9 37 33 63
crazing 0.0635 21 90 64 120
crazing 0.0633 11 46 44 66
crazing 0.0633 69 35 111 50
crazing 0.0632 55 16 97 30
crazing 0.0632 98 84 120 108
crazing 0.0631 119 0 138 31
crazing 0.0631 150 103 195 116
crazing 0.0628 100 24 124 48
crazing 0.0627 31 126 63 147
crazing 0.0627 73 133 112 163
crazing 0.0627 160 7 193 25
crazing 0.0627 40 49 76 64
crazing 0.0627 161 54 188 79
crazing 0.0626 112 79 135 100
crazing 0.0626 60 28 91 45
crazing 0.0626 91 18 118 41
crazing 0.0626 118 89 164 103
crazing 0.0626 92 29 131 43
crazing 0.0625 85 38 130 76
crazing 0.0624 133 21 161 38
crazing 0.0624 102 3 127 29
crazing 0.0623 140 141 159 167
crazing 0.0621 91 3 117 26
crazing 0.0621 70 52 104 119
crazing 0.0620 67 141 146 165
crazing 0.0619 57 136 97 150
crazing 0.0619 117 85 144 107
crazing 0.0619 9 59 36 80
crazing 0.0618 172 184 200 198
crazing 0.0618 0 48 29 64
crazing 0.0617 45 50 68 73
crazing 0.0617 120 17 139 45
crazing 0.0616 157 15 194 44
crazing 0.0616 137 55 168 120
crazing 0.0616 64 90 109 102
crazing 0.0615 156 74 184 93
crazing 0.0615 15 31 42 55
crazing 0.0615 148 143 193 156
crazing 0.0615 141 83 191 96
crazing 0.0614 87 47 137 99
crazing 0.0614 105 85 130 107
crazing 0.0614 124 86 162 115
crazing 0.0612 54 77 90 118
crazing 0.0612 100 77 144 89
crazing 0.0612 46 125 77 159
crazing 0.0612 72 18 94 42
crazing 0.0610 45 130 81 144
crazing 0.0610 1 57 45 70
crazing 0.0609 107 28 153 43
crazing 0.0609 179 23 200 47
crazing 0.0608 103 134 146 165
crazing 0.0608 21 81 60 98
crazing 0.0608 9 17 55 29
crazing 0.0608 89 136 157 184
crazing 0.0608 68 78 100 99
crazing 0.0608 11 144 66 156
crazing 0.0607 177 22 190 68
crazing 0.0607 77 100 114 133
crazing 0.0605 32 37 57 60
crazing 0.0605 25 161 61 179
crazing 0.0604 90 37 116 64
crazing 0.0603 118 83 160 96
crazing 0.0603 173 22 200 36
crazing 0.0601 73 149 102 198
crazing 0.0601 176 0 192 26
crazing 0.0599 170 150 200 163
crazing 0.0598 131 16 143 55
crazing 0.0597 70 162 103 179
crazing 0.0596 118 78 161 89
crazing 0.0596 80 143 120 157
crazing 0.0596 2 169 48 183
crazing 0.0595 111 92 138 114
crazing 0.0594 0 54 25 72
crazing 0.0593 0 68 30 83
crazing 0.0593 27 141 67 173
crazing 0.0592 113 142 159 156
crazing 0.0591 4 139 31 160
crazing 0.0590 82 113 118 166
crazing 0.0589 178 39 200 63
crazing 0.0589 1 96 41 110
crazing 0.0589 72 90 103 159
crazing 0.0589 94 70 126 134
crazing 0.0589 62 0 114 7
crazing 0.0588 172 54 200 71
crazing 0.0588 58 60 84 81
crazing 0.0587 97 106 134 141
crazing 0.0587 135 77 179 89
crazing 0.0584 124 101 164 115
crazing 0.0583 73 40 107 75
crazing 0.0582 120 141 138 170
crazing 0.0581 130 30 173 80
crazing 0.0581 160 67 179 97
crazing 0.0580 146 28 186 42
crazing 0.0578 130 35 174 49
crazing 0.0578 118 96 143 121
crazing 0.0578 50 51 63 96
crazing 0.0578 128 156 171 168
crazing 0.0577 0 155 40 169
crazing 0.0577 123 81 137 118
crazing 0.0576 132 179 167 199
crazing 0.0576 68 23 85 49
crazing 0.0575 167 41 196 61
crazing 0.0574 156 60 182 87
crazing 0.0574 0 23 33 36
crazing 0.0573 65 9 87 35
crazing 0.0573 160 0 178 23
crazing 0.0573 75 151 93 178
crazing 0.0573 43 90 86 102
crazing 0.0573 5 92 45 125
crazing 0.0573 150 79 177 101
crazing 0.0571 166 147 190 167
crazing 0.0570 5 41 40 57
crazing 0.0570 53 191 102 199
crazing 0.0569 14 109 57 146
crazing 0.0569 112 143 132 170
crazing 0.0568 0 149 22 180
crazing 0.0568 85 176 132 190
crazing 0.0568 147 88 194 102
crazing 0.0567 3 158 30 181
crazing 0.0567 70 139 96 160
crazing 0.0566 132 5 158 29
crazing 0.0566 147 143 165 168
crazing 0.0564 43 136 82 150
crazing 0.0564 90 5 102 52
crazing 0.0563 64 8 104 23
crazing 0.0562 170 24 182 69
crazing 0.0560 28 136 67 150
crazing 0.0559 0 193 45 200
crazing 0.0558 1 148 37 165
crazing 0.0558 26 17 47 43
crazing 0.0558 86 96 133 110
crazing 0.0558 53 55 88 71
crazing 0.0558 0 51 27 88
crazing 0.0557 8 166 35 187
crazing 0.0556 3 7 41 26
crazing 0.0556 47 106 83 139
crazing 0.0556 86 163 120 186
crazing 0.0555 34 2 66 18
crazing 0.0555 28 152 58 175
crazing 0.0554 182 25 198 61
crazing 0.0554 105 76 127 100
crazing 0.0554 0 88 33 102
crazing 0.0553 147 153 165 178
crazing 0.0553 0 17 36 30
crazing 0.0552 105 26 136 47
crazing 0.0552 24 42 65 56
crazing 0.0552 127 0 145 25
crazing 0.0552 0 161 21 191
crazing 0.0552 28 169 74 183
crazing 0.0551 0 180 34 199
crazing 0.0551 78 115 117 129
crazing 0.0551 85 41 130 57
crazing 0.0551 82 2 98 37
crazing 0.0550 6 23 30 47
crazing 0.0550 80 21 98 53
crazing 0.0549 48 12 66 46
crazing 0.0547 154 180 181 200
crazing 0.0544 44 158 69 180
crazing 0.0544 37 7 76 22
crazing 0.0543 84 178 111 200
crazing 0.0542 101 32 153 84
crazing 0.0541 51 8 73 35
crazing 0.0541 30 24 55 48
crazing 0.0541 127 65 161 99
crazing 0.0541 74 31 92 58
crazing 0.0540 141 1 172 19
crazing 0.0540 151 109 194 123
crazing 0.0540 115 12 143 33
crazing 0.0540 169 75 200 92
crazing 0.0538 115 36 159 50
crazing 0.0536 181 67 200 100
crazing 0.0536 139 82 171 99
crazing 0.0536 169 84 198 104
crazing 0.0536 80 151 101 179
crazing 0.0535 133 139 153 167
crazing 0.0535 55 54 72 85
crazing 0.0533 14 147 44 167
crazing 0.0533 162 192 200 200
crazing 0.0533 176 54 193 85
crazing 0.0532 16 137 44 160
crazing 0.0532 17 21 45 39
crazing 0.0532 56 130 96 143
crazing 0.0531 108 53 148 98
crazing 0.0531 182 86 200 104
crazing 0.0531 32 51 56 74
crazing 0.0531 0 36 29 50
crazing 0.0530 70 136 112 150
crazing 0.0530 117 88 130 127
crazing 0.0529 59 127 94 157
crazing 0.0529 145 156 185 169
crazing 0.0529 110 174 154 198
crazing 0.0528 37 162 75 176
crazing 0.0528 86 83 131 95
crazing 0.0528 44 3 68 27
crazing 0.0528 172 168 196 195
crazing 0.0528 124 69 156 145
crazing 0.0528 24 43 48 69
crazing 0.0527 55 148 97 179
crazing 0.0526 144 176 196 190
crazing 0.0526 85 35 127 50
crazing 0.0526 34 0 101 6
crazing 0.0524 129 97 156 120
crazing 0.0524 18 12 44 32
crazing 0.0524 52 124 73 146
crazing 0.0523 144 70 167 94
crazing 0.0522 129 48 146 63
crazing 0.0522 64 133 89 152
crazing 0.0520 168 92 198 112
crazing 0.0520 140 11 167 35
crazing 0.0520 96 71 128 91
crazing 0.0520 80 173 114 192
crazing 0.0519 9 150 36 173
crazing 0.0519 149 91 173 114
crazing 0.0518 72 9 94 34
crazing 0.0517 60 23 77 51
crazing 0.0517 141 153 159 179
crazing 0.0517 40 43 62 68
crazing 0.0517 111 77 123 122
crazing 0.0516 115 1 129 36
crazing 0.0516 24 177 70 199
crazing 0.0515 128 152 146 180
crazing 0.0514 132 75 163 91
crazing 0.0514 21 85 48 107
crazing 0.0514 126 78 149 102
crazing 0.0514 191 49 200 96
crazing 0.0514 86 138 110 160
crazing 0.0514 104 114 145 145
crazing 0.0513 138 18 151 51
crazing 0.0512 95 22 113 53
crazing 0.0512 89 24 103 70
crazing 0.0512 161 165 195 185
crazing 0.0511 179 37 200 50
crazing 0.0510 153 152 173 176
crazing 0.0510 172 155 198 173
crazing 0.0509 20 87 39 120
crazing 0.0509 142 137 167 160
crazing 0.0509 78 52 130 84
crazing 0.0509 171 2 198 17
crazing 0.0509 123 16 135 56
crazing 0.0508 28 156 70 170
crazing 0.0508 79 87 110 106
crazing 0.0508 159 77 179 105
crazing 0.0507 21 47 38 75
crazing 0.0506 125 149 160 164
crazing 0.0506 152 35 182 51
crazing 0.0505 47 68 81 86
crazing 0.0505 42 1 58 24
crazing 0.0504 19 70 39 98
crazing 0.0504 145 60 185 76
crazing 0.0504 155 24 179 48
crazing 0.0501 132 119 170 184
crazing 0.0501 157 91 181 114
crazing 0.0501 0 40 24 59
crazing 0.0501 38 82 80 96
crazing 0.0501 100 88 117 118
crazing 0.0500 135 0 152 25
crazing 0.0500 51 40 90 57
crazing 0.0499 119 95 163 108
crazing 0.0499 52 86 75 107
crazing 0.0499 95 142 135 173
crazing 0.0499 11 65 35 91
crazing 0.0497 147 136 191 150
crazing 0.0496 0 63 29 75
crazing 0.0496 73 83 96 107
crazing 0.0496 82 93 118 123
crazing 0.0496 63 33 88 52
crazing 0.0495 0 77 36 90
crazing 0.0494 59 141 91 157
crazing 0.0494 52 6 86 25
crazing 0.0493 0 146 7 192
crazing 0.0493 23 146 62 164
crazing 0.0492 37 74 81 89
crazing 0.0492 110 68 133 94
crazing 0.0492 87 20 105 55
crazing 0.0492 43 2 86 16
crazing 0.0492 83 154 117 173
crazing 0.0491 109 109 154 122
crazing 0.0491 182 7 200 26
crazing 0.0491 43 15 84 30
crazing 0.0491 29 129 55 155
crazing 0.0491 148 21 184 38
crazing 0.0490 45 123 66 148
crazing 0.0490 158 98 181 122
crazing 0.0489 83 27 96 71
crazing 0.0487 34 98 80 111
crazing 0.0487 23 25 35 68
crazing 0.0487 138 69 186 81
crazing 0.0487 180 63 200 77
crazing 0.0486 79 38 101 64
crazing 0.0485 95 118 136 165
crazing 0.0485 120 191 173 199
crazing 0.0484 104 101 144 115
crazing 0.0484 70 192 127 199
crazing 0.0484 90 142 105 176
crazing 0.0484 145 17 190 31
crazing 0.0482 18 133 51 152
crazing 0.0482 27 48 45 77
crazing 0.0481 34 33 68 52
crazing 0.0481 192 20 200 73
crazing 0.0481 95 2 110 40
crazing 0.0478 61 175 106 190
crazing 0.0478 151 97 173 123
crazing 0.0477 76 121 108 140
crazing 0.0477 123 31 149 56
crazing 0.0477 103 22 144 36
crazing 0.0477 35 38 52 73
crazing 0.0476 11 85 37 106
crazing 0.0476 14 128 56 143
crazing 0.0474 178 0 200 8
crazing 0.0474 51 27 72 50
crazing 0.0473 26 90 72 102
crazing 0.0473 13 183 52 199
crazing 0.0472 138 172 177 199
crazing 0.0472 18 8 58 24
crazing 0.0472 156 169 181 194
crazing 0.0471 37 78 63 101
crazing 0.0471 36 139 63 161
crazing 0.0471 170 48 200 64
crazing 0.0471 15 88 56 102
crazing 0.0471 0 84 24 107
crazing 0.0471 107 156 153 169
crazing 0.0471 127 72 148 93
crazing 0.0470 16 26 30 67
crazing 0.0470 120 151 138 179
crazing 0.0470 91 121 128 151
crazing 0.0469 64 144 87 166
crazing 0.0468 82 145 102 158
crazing 0.0468 101 151 141 184
crazing 0.0467 160 158 193 179
crazing 0.0467 105 130 163 143
crazing 0.0467 9 51 35 71
crazing 0.0466 70 48 100 66
crazing 0.0466 66 52 92 75
crazing 0.0465 88 110 109 134
crazing 0.0465 62 109 85 135
crazing 0.0465 140 94 160 125
crazing 0.0463 162 170 175 200
crazing 0.0463 32 118 65 139
crazing 0.0462 138 50 178 81
crazing 0.0461 187 32 200 55
crazing 0.0460 109 20 134 40
crazing 0.0460 16 2 58 16
crazing 0.0459 154 64 171 97
crazing 0.0459 153 53 192 70
crazing 0.0459 1 103 31 118
crazing 0.0458 57 11 69 59
crazing 0.0458 140 9 184 23
crazing 0.0457 111 116 155 130
crazing 0.0457 65 67 90 87
crazing 0.0456 31 29 69 44
crazing 0.0456 57 131 81 153
crazing 0.0455 89 170 104 200
crazing 0.0455 182 173 198 200
crazing 0.0454 173 15 200 30
crazing 0.0454 1 61 18 94
crazing 0.0454 111 70 147 138
crazing 0.0454 0 0 51 7
crazing 0.0453 136 110 169 148
crazing 0.0453 27 90 46 119
crazing 0.0452 15 96 62 110
crazing 0.0452 46 118 77 138
crazing 0.0450 156 88 169 128
crazing 0.0450 168 2 186 33
crazing 0.0450 22 165 49 187
crazing 0.0450 115 33 140 56
crazing 0.0449 134 153 153 180
crazing 0.0448 168 70 187 96
crazing 0.0448 35 27 53 58
crazing 0.0447 83 169 97 200
crazing 0.0447 0 112 23 145
crazing 0.0446 1 92 23 117
crazing 0.0445 149 148 179 166
crazing 0.0445 167 143 199 157
crazing 0.0444 11 76 49 91
crazing 0.0444 59 119 90 139
crazing 0.0444 29 21 44 58
crazing 0.0444 12 176 62 189
crazing 0.0444 28 68 42 104
crazing 0.0443 2 21 20 52
crazing 0.0442 30 176 78 190
crazing 0.0442 58 113 95 149
crazing 0.0441 73 166 109 183
crazing 0.0441 127 88 147 115
crazing 0.0441 180 69 200 84
crazing 0.0440 125 100 149 130
crazing 0.0440 166 99 190 121
crazing 0.0439 132 28 157 56
crazing 0.0439 119 111 141 135
crazing 0.0438 42 113 57 155
crazing 0.0437 97 27 110 67
crazing 0.0436 0 170 23 183
crazing 0.0436 58 117 85 183
crazing 0.0434 26 142 46 170
crazing 0.0434 0 124 36 139
crazing 0.0434 57 42 81 67
crazing 0.0434 162 145 180 169
crazing 0.0434 155 170 174 186
crazing 0.0433 39 107 71 134
crazing 0.0433 97 108 133 123
crazing 0.0433 99 1 119 22
crazing 0.0431 74 81 112 96
crazing 0.0431 37 87 63 108
crazing 0.0430 92 170 116 196
crazing 0.0429 89 84 113 110
crazing 0.0429 0 130 32 155
crazing 0.0428 61 27 79 43
crazing 0.0427 186 58 200 83
crazing 0.0427 149 158 177 182
crazing 0.0426 143 159 167 184
crazing 0.0426 35 165 64 188
crazing 0.0425 163 85 176 129
crazing 0.0425 180 140 200 174
crazing 0.0425 149 2 174 29
crazing 0.0425 50 134 85 166
crazing 0.0424 134 133 169 150
crazing 0.0423 53 81 92 96
crazing 0.0423 35 0 52 24
crazing 0.0423 23 17 37 51
crazing 0.0423 7 144 27 170
crazing 0.0423 19 154 39 183
crazing 0.0422 97 160 124 191
crazing 0.0422 33 155 53 185
crazing 0.0422 150 139 176 160
crazing 0.0420 142 0 159 25
crazing 0.0419 130 73 144 109
crazing 0.0418 52 70 76 96
crazing 0.0417 61 115 102 129
crazing 0.0417 57 62 70 102
crazing 0.0415 161 103 178 133
crazing 0.0415 70 60 101 80
crazing 0.0414 77 136 89 172
crazing 0.0414 43 141 75 174
crazing 0.0414 0 175 31 190
crazing 0.0413 162 26 176 69
crazing 0.0412 22 132 37 168
crazing 0.0412 41 147 60 177
crazing 0.0411 170 169 183 200
crazing 0.0411 80 0 110 10
crazing 0.0411 8 30 26 58
crazing 0.0410 62 98 103 132
crazing 0.0410 75 95 108 113
crazing 0.0409 171 66 183 106
crazing 0.0409 122 75 139 105
crazing 0.0409 86 135 124 150
crazing 0.0409 110 49 173 75
crazing 0.0408 94 181 129 199
crazing 0.0407 69 169 96 193
crazing 0.0407 118 71 142 94
crazing 0.0406 86 130 110 153
crazing 0.0406 88 107 120 144
crazing 0.0406 6 87 27 121
crazing 0.0406 0 135 44 148
crazing 0.0406 127 9 147 37
crazing 0.0406 52 165 77 189
crazing 0.0405 30 173 58 194
crazing 0.0405 61 73 94 92
crazing 0.0405 159 140 183 161
crazing 0.0405 68 149 86 179
crazing 0.0404 68 0 86 24
crazing 0.0404 49 113 63 158
crazing 0.0403 43 79 56 121
crazing 0.0403 1 141 20 172
crazing 0.0403 164 18 189 39
crazing 0.0401 33 83 51 115
crazing 0.0401 0 9 22 23
crazing 0.0400 62 186 87 200
crazing 0.0400 9 0 34 18
crazing 0.0399 66 69 111 84
crazing 0.0398 145 18 165 43
crazing 0.0398 13 80 44 98
crazing 0.0398 91 168 138 183
crazing 0.0397 149 92 164 133
crazing 0.0397 191 76 199 123
crazing 0.0397 109 0 135 13
crazing 0.0396 108 114 139 133
crazing 0.0396 111 21 132 56
crazing 0.0395 104 136 154 149
crazing 0.0395 73 175 92 199
crazing 0.0395 33 115 52 150
crazing 0.0394 150 57 173 86
crazing 0.0393 173 141 193 171
crazing 0.0393 50 162 88 176
crazing 0.0393 156 12 182 35
crazing 0.0392 157 81 200 98
crazing 0.0392 81 135 100 165
crazing 0.0392 15 135 31 168
crazing 0.0392 156 74 169 112
crazing 0.0391 54 94 95 122
crazing 0.0391 64 160 91 182
crazing 0.0391 84 158 110 182
crazing 0.0391 44 30 82 44
crazing 0.0390 192 140 199 190
crazing 0.0390 109 138 136 162
crazing 0.0390 76 11 90 53
crazing 0.0390 80 162 97 177
crazing 0.0390 136 93 168 110
crazing 0.0389 103 99 130 121
crazing 0.0389 103 31 120 59
crazing 0.0389 69 57 87 85
crazing 0.0389 35 142 73 156
crazing 0.0389 73 124 102 183
crazing 0.0388 157 130 181 153
crazing 0.0388 63 4 76 41
crazing 0.0387 123 95 136 136
crazing 0.0387 183 44 198 87
crazing 0.0386 138 100 168 119
crazing 0.0386 67 72 87 105
crazing 0.0386 179 117 199 153
crazing 0.0384 16 54 30 92
crazing 0.0384 69 129 114 144
crazing 0.0384 63 54 76 94
crazing 0.0384 79 142 98 155
crazing 0.0384 100 6 120 38
crazing 0.0384 0 154 19 171
crazing 0.0384 109 5 124 46
crazing 0.0383 0 58 21 79
crazing 0.0383 167 37 185 64
crazing 0.0382 116 162 159 178
crazing 0.0382 170 134 198 152
crazing 0.0382 21 0 39 24
crazing 0.0381 186 0 200 23
crazing 0.0381 112 102 134 131
crazing 0.0380 61 47 78 79
crazing 0.0380 107 144 125 170
crazing 0.0380 122 0 162 9
crazing 0.0379 13 192 70 199
crazing 0.0379 155 1 170 38
crazing 0.0379 90 116 129 130
crazing 0.0379 39 41 75 57
crazing 0.0378 185 44 200 67
crazing 0.0378 53 155 72 183
crazing 0.0378 138 88 168 105
crazing 0.0377 169 152 186 176
crazing 0.0377 65 126 89 146
crazing 0.0377 0 148 20 164
crazing 0.0376 103 34 131 52
crazing 0.0376 13 3 32 30
crazing 0.0375 47 161 67 192
crazing 0.0375 43 94 69 119
crazing 0.0374 86 47 122 66
crazing 0.0373 59 75 83 100
crazing 0.0373 171 85 183 129
crazing 0.0373 162 1 176 39
crazing 0.0372 157 0 182 11
crazing 0.0372 0 10 24 33
crazing 0.0372 69 97 97 119
crazing 0.0372 192 0 199 41
crazing 0.0371 132 52 149 66
crazing 0.0371 7 63 26 94
crazing 0.0370 33 134 52 164
crazing 0.0370 61 0 79 25
crazing 0.0370 70 5 83 47
crazing 0.0370 179 82 199 97
crazing 0.0369 32 191 83 199
crazing 0.0368 70 133 83 172
crazing 0.0368 180 96 200 110
crazing 0.0368 130 44 146 58
crazing 0.0368 0 0 24 8
crazing 0.0367 70 110 93 135
crazing 0.0367 67 75 108 90
crazing 0.0367 108 123 159 137
crazing 0.0366 15 87 30 123
crazing 0.0365 106 153 135 173
crazing 0.0364 65 176 86 198
crazing 0.0364 28 155 46 184
crazing 0.0364 151 29 173 57
crazing 0.0362 93 0 123 13
crazing 0.0362 23 123 48 147
crazing 0.0361 104 12 118 54
crazing 0.0361 93 143 142 156
crazing 0.0360 43 36 57 78
crazing 0.0359 55 112 69 155
crazing 0.0358 0 72 24 95
crazing 0.0358 136 56 153 69
crazing 0.0358 170 169 200 183
crazing 0.0357 94 192 144 200
crazing 0.0356 168 21 185 52
crazing 0.0356 91 147 118 168
crazing 0.0356 163 150 178 182
crazing 0.0355 104 182 146 197
crazing 0.0355 79 154 96 168
crazing 0.0354 115 170 159 185
crazing 0.0354 153 43 182 59
crazing 0.0353 148 128 164 164
crazing 0.0353 103 39 132 60
crazing 0.0353 0 97 22 109
crazing 0.0352 50 20 64 60
crazing 0.0351 72 100 112 118
crazing 0.0351 150 117 196 130
crazing 0.0350 186 145 200 168
crazing 0.0350 98 157 131 180
crazing 0.0350 39 146 69 166
crazing 0.0348 8 103 58 117
crazing 0.0347 169 52 183 90
crazing 0.0346 165 106 192 128
crazing 0.0345 74 61 117 78
crazing 0.0344 0 173 20 199
crazing 0.0343 185 151 200 176
crazing 0.0343 127 116 163 133
crazing 0.0342 8 155 24 189
crazing 0.0341 2 2 44 15
crazing 0.0340 58 169 99 184
crazing 0.0340 100 172 125 196
crazing 0.0339 138 0 163 13
crazing 0.0339 28 123 43 162
crazing 0.0339 0 164 17 179
crazing 0.0338 60 136 77 165
crazing 0.0338 42 159 58 193
crazing 0.0338 42 156 79 171
crazing 0.0337 0 114 31 129
crazing 0.0336 105 167 123 183
crazing 0.0336 124 158 150 186
crazing 0.0335 161 157 179 191
crazing 0.0334 31 109 57 133
crazing 0.0334 71 117 94 142
crazing 0.0334 78 125 106 147
crazing 0.0334 54 0 72 25
crazing 0.0333 0 56 7 103
crazing 0.0333 50 36 64 76
crazing 0.0333 43 132 58 170
crazing 0.0333 30 31 43 74
crazing 0.0333 15 154 29 188
crazing 0.0332 108 28 127 60
crazing 0.0332 80 88 100 117
crazing 0.0332 36 4 50 38
crazing 0.0331 68 181 83 200
crazing 0.0331 110 94 123 136
crazing 0.0331 0 66 16 85
crazing 0.0331 85 45 107 68
crazing 0.0330 0 23 7 76
crazing 0.0330 28 0 46 24
crazing 0.0330 121 47 138 65
crazing 0.0330 17 171 37 185
crazing 0.0329 98 110 121 135
crazing 0.0328 177 68 192 101
crazing 0.0327 27 177 48 200
crazing 0.0327 179 176 200 191
crazing 0.0327 50 140 72 161
crazing 0.0327 185 17 200 39
crazing 0.0327 16 173 30 200
crazing 0.0326 16 122 59 137
crazing 0.0326 159 88 177 102
crazing 0.0326 147 124 187 145
crazing 0.0325 73 54 91 69
crazing 0.0325 145 106 167 130
crazing 0.0325 155 49 193 65
crazing 0.0325 22 175 37 200
crazing 0.0324 66 141 83 156
crazing 0.0324 31 93 56 119
crazing 0.0324 77 156 90 190
crazing 0.0324 129 97 143 139
crazing 0.0323 25 0 61 10
crazing 0.0323 57 79 70 120
crazing 0.0323 51 174 79 196
crazing 0.0323 89 103 129 117
crazing 0.0322 0 140 19 157
crazing 0.0322 108 63 148 84
crazing 0.0322 141 23 161 58
crazing 0.0321 134 99 153 133
crazing 0.0321 52 96 91 111
crazing 0.0321 0 0 19 18
crazing 0.0321 53 105 79 126
crazing 0.0321 177 180 191 200
crazing 0.0321 76 34 91 74
crazing 0.0320 148 127 173 152
crazing 0.0319 74 88 92 117
crazing 0.0319 98 122 138 137
crazing 0.0318 141 66 158 98
crazing 0.0318 134 68 152 96
crazing 0.0318 137 110 173 124
crazing 0.0318 179 135 199 159
crazing 0.0318 70 115 83 154
crazing 0.0317 74 131 92 157
crazing 0.0317 111 160 146 181
crazing 0.0317 53 146 81 165
crazing 0.0317 0 83 34 96
crazing 0.0316 22 76 40 92
crazing 0.0316 48 67 67 99
crazing 0.0315 60 109 105 123
crazing 0.0315 88 183 105 200
crazing 0.0314 36 141 50 176
crazing 0.0314 70 153 83 193
crazing 0.0313 122 29 160 91
crazing 0.0313 88 119 110 144
crazing 0.0313 1 131 28 143
crazing 0.0312 133 89 153 113
crazing 0.0312 43 21 57 59
crazing 0.0312 77 149 99 161
crazing 0.0312 100 149 131 166
crazing 0.0312 60 182 78 199
crazing 0.0311 80 161 100 190
crazing 0.0311 0 163 8 200
crazing 0.0311 148 0 166 24
crazing 0.0311 168 82 187 111
crazing 0.0309 158 51 178 80
crazing 0.0308 95 117 114 133
crazing 0.0308 156 100 168 144
crazing 0.0308 15 19 32 43
crazing 0.0307 137 161 175 176
crazing 0.0307 85 159 124 177
crazing 0.0307 155 114 181 136
crazing 0.0307 50 79 64 120
crazing 0.0306 96 100 120 121
crazing 0.0306 39 103 83 118
crazing 0.0306 148 157 163 192
crazing 0.0306 68 34 86 65
crazing 0.0306 0 46 16 65
crazing 0.0305 78 108 115 122
crazing 0.0305 177 102 199 120
crazing 0.0305 147 74 164 105
crazing 0.0304 59 137 77 152
crazing 0.0304 155 16 169 49
crazing 0.0304 96 160 111 200
crazing 0.0304 89 73 113 100
crazing 0.0303 63 78 77 123
crazing 0.0303 24 114 66 130
crazing 0.0302 48 146 66 176
crazing 0.0302 180 161 200 179
crazing 0.0301 156 127 200 143
crazing 0.0301 167 183 185 200
crazing 0.0300 15 43 29 78
crazing 0.0300 50 133 63 171
crazing 0.0300 7 182 25 200
crazing 0.0299 0 4 14 27
crazing 0.0299 15 171 43 193
crazing 0.0299 163 67 180 82
crazing 0.0299 127 45 179 56
crazing 0.0297 109 166 137 190
crazing 0.0297 81 184 98 200
crazing 0.0297 0 90 16 105
crazing 0.0297 21 167 41 182
crazing 0.0295 75 73 90 109
crazing 0.0295 27 34 43 49
crazing 0.0294 38 100 61 120
crazing 0.0294 34 161 52 175
crazing 0.0294 101 66 117 103
crazing 0.0293 71 37 83 79
crazing 0.0293 122 58 165 88
crazing 0.0292 0 0 7 41
crazing 0.0292 75 145 94 158
crazing 0.0291 79 110 102 135
crazing 0.0291 0 28 18 44
crazing 0.0290 112 131 133 157
crazing 0.0290 80 137 97 151
crazing 0.0289 9 100 36 121
crazing 0.0288 152 152 169 166
crazing 0.0288 115 43 160 57
crazing 0.0288 60 157 78 185
crazing 0.0287 20 64 37 79
crazing 0.0287 98 134 136 150
crazing 0.0287 88 168 108 186
crazing 0.0287 163 15 176 51
crazing 0.0287 13 64 30 79
crazing 0.0285 114 69 164 82
crazing 0.0285 139 82 159 109
crazing 0.0285 0 50 13 74
crazing 0.0284 70 74 84 125
crazing 0.0284 180 126 200 145
crazing 0.0284 143 167 182 184
crazing 0.0283 114 125 150 147
crazing 0.0282 22 160 36 194
crazing 0.0282 188 76 199 105
crazing 0.0281 45 0 68 13
crazing 0.0280 2 29 16 67
crazing 0.0280 11 188 36 200
crazing 0.0280 127 181 147 200
crazing 0.0279 174 42 193 68
crazing 0.0279 137 46 152 62
crazing 0.0279 97 120 122 142
crazing 0.0279 35 169 51 200
crazing 0.0278 0 104 19 133
crazing 0.0278 169 114 187 130
crazing 0.0278 163 84 180 98
crazing 0.0278 90 124 105 162
crazing 0.0278 94 134 113 165
crazing 0.0278 56 32 70 77
crazing 0.0277 82 67 100 83
crazing 0.0277 62 110 75 156
crazing 0.0277 122 128 137 161
crazing 0.0276 117 119 145 141
crazing 0.0274 62 171 80 186
crazing 0.0274 45 27 64 42
crazing 0.0273 79 75 123 89
crazing 0.0273 102 95 115 130
crazing 0.0272 191 162 199 200
crazing 0.0270 141 177 160 193
crazing 0.0269 94 73 110 119
crazing 0.0269 187 90 200 116
crazing 0.0269 86 62 104 80
crazing 0.0269 115 174 146 191
crazing 0.0268 77 53 105 72
crazing 0.0268 0 17 14 40
crazing 0.0267 8 110 37 134
crazing 0.0267 30 54 46 69
crazing 0.0267 148 24 165 60
crazing 0.0267 91 187 117 200
crazing 0.0267 50 0 62 31
crazing 0.0267 124 52 142 66
crazing 0.0266 116 99 129 144
crazing 0.0266 59 90 80 121
crazing 0.0265 33 184 51 200
crazing 0.0265 178 82 191 128
crazing 0.0264 164 122 192 148
crazing 0.0264 155 128 170 166
crazing 0.0263 87 159 106 192
crazing 0.0262 148 190 185 200
crazing 0.0261 124 67 141 83
crazing 0.0261 161 196 185 200
crazing 0.0261 182 152 197 189
crazing 0.0260 80 111 97 125
crazing 0.0260 10 58 28 70
crazing 0.0259 34 178 50 195
crazing 0.0259 34 165 51 180
crazing 0.0259 5 168 27 195
crazing 0.0259 64 0 92 11
crazing 0.0259 56 133 68 171
crazing 0.0258 87 148 104 162
crazing 0.0258 173 172 190 188
crazing 0.0258 115 151 130 186
crazing 0.0258 91 128 131 143
crazing 0.0257 140 30 157 46
crazing 0.0257 53 98 72 121
crazing 0.0257 138 185 163 199
crazing 0.0256 0 76 7 127
crazing 0.0256 187 99 200 124
crazing 0.0255 107 107 126 140
crazing 0.0255 0 190 27 200
crazing 0.0254 191 121 199 167
crazing 0.0254 118 151 136 167
crazing 0.0254 41 186 71 199
crazing 0.0253 0 130 7 173
crazing 0.0253 52 153 70 169
crazing 0.0253 177 12 190 48
crazing 0.0253 7 40 23 79
crazing 0.0251 156 14 173 29
crazing 0.0251 40 108 78 123
crazing 0.0251 155 156 170 191
crazing 0.0251 90 129 108 146
crazing 0.0250 132 164 150 180
crazing 0.0250 16 0 42 13
crazing 0.0249 73 99 92 130
crazing 0.0249 88 175 109 190
crazing 0.0248 70 154 88 168
crazing 0.0248 63 140 75 180
crazing 0.0248 185 131 199 155
crazing 0.0248 142 100 158 139
crazing 0.0247 55 151 79 175
crazing 0.0247 174 109 200 126
crazing 0.0247 175 160 193 176
crazing 0.0247 9 5 24 42
crazing 0.0247 135 181 154 199
crazing 0.0245 67 54 83 69
crazing 0.0244 62 27 75 65
crazing 0.0244 159 163 178 179
crazing 0.0244 44 0 84 9
crazing 0.0243 35 14 55 28
crazing 0.0242 156 83 173 98
crazing 0.0242 0 150 10 179
crazing 0.0242 26 140 43 156
crazing 0.0242 76 152 94 164
crazing 0.0241 70 121 85 137
crazing 0.0241 22 101 54 122
crazing 0.0241 108 130 123 163
crazing 0.0241 109 171 127 187
crazing 0.0240 88 137 105 152
crazing 0.0240 161 144 177 159
crazing 0.0239 126 21 145 35
crazing 0.0239 106 26 123 43
crazing 0.0239 107 114 121 131
crazing 0.0238 182 92 199 131
crazing 0.0238 97 130 122 153
crazing 0.0238 125 173 159 193
crazing 0.0237 92 97 111 122
crazing 0.0237 75 162 90 178
crazing 0.0236 33 90 49 106
crazing 0.0235 16 119 43 142
crazing 0.0235 2 109 49 123
crazing 0.0235 106 14 123 30
crazing 0.0235 184 181 200 195
crazing 0.0234 168 136 186 164
crazing 0.0234 95 142 111 175
crazing 0.0232 136 65 170 83
crazing 0.0232 119 129 138 146
crazing 0.0231 70 145 86 159
crazing 0.0231 170 66 186 82
crazing 0.0230 163 124 176 162
crazing 0.0230 142 121 163 135
crazing 0.0230 0 79 17 99
crazing 0.0229 185 165 200 187
crazing 0.0229 121 174 138 198
crazing 0.0229 20 93 37 110
crazing 0.0228 0 34 15 56
crazing 0.0228 6 74 23 91
crazing 0.0228 155 46 178 69
crazing 0.0228 111 95 128 110
crazing 0.0228 77 21 94 35
crazing 0.0228 88 90 106 106
crazing 0.0227 164 13 179 28
crazing 0.0226 18 152 36 169
crazing 0.0226 1 39 16 83
crazing 0.0226 6 65 24 78
crazing 0.0225 26 26 43 42
crazing 0.0225 169 10 187 25
crazing 0.0224 67 94 85 109
crazing 0.0224 67 90 86 120
crazing 0.0224 95 106 110 149
crazing 0.0224 107 0 126 16
crazing 0.0224 156 4 174 19
crazing 0.0222 151 176 170 200
crazing 0.0221 44 0 60 9
crazing 0.0220 91 106 113 126
crazing 0.0220 6 139 24 156
crazing 0.0220 83 30 100 45
crazing 0.0219 185 186 200 200
crazing 0.0219 112 41 144 60
crazing 0.0219 95 0 110 18
crazing 0.0219 170 23 187 38
crazing 0.0218 70 28 86 43
crazing 0.0217 98 138 122 162
crazing 0.0217 39 160 58 174
crazing 0.0217 63 68 77 104
crazing 0.0216 152 114 171 139
crazing 0.0215 83 113 99 147
crazing 0.0215 60 0 76 9
crazing 0.0214 75 43 94 59
crazing 0.0214 102 162 121 180
crazing 0.0213 2 161 22 175
crazing 0.0213 31 31 47 45
crazing 0.0213 179 116 200 131
crazing 0.0213 38 177 58 191
crazing 0.0213 119 62 136 77
crazing 0.0212 87 55 123 74
crazing 0.0212 73 118 89 133
crazing 0.0211 74 62 93 89
crazing 0.0211 115 57 129 100
crazing 0.0211 125 133 154 151
crazing 0.0211 30 23 47 39
crazing 0.0210 115 140 134 155
crazing 0.0210 38 179 62 199
crazing 0.0210 62 90 80 106
crazing 0.0209 81 75 98 106
crazing 0.0209 6 78 28 101
crazing 0.0209 190 98 199 137
crazing 0.0208 50 30 67 46
crazing 0.0208 37 0 53 13
crazing 0.0208 149 120 192 138
crazing 0.0208 107 49 146 65
crazing 0.0208 162 113 179 129
crazing 0.0208 167 130 184 145
crazing 0.0208 48 98 64 126
crazing 0.0207 93 31 110 46
crazing 0.0206 7 168 29 182
crazing 0.0206 56 180 71 199
crazing 0.0205 122 25 139 38
crazing 0.0205 0 107 8 150
crazing 0.0205 77 158 93 173
crazing 0.0205 37 54 53 69
crazing 0.0204 141 51 157 65
crazing 0.0204 70 137 85 151
crazing 0.0204 21 175 43 187
crazing 0.0202 77 2 91 26
crazing 0.0202 13 94 31 109
crazing 0.0202 13 121 30 136
crazing 0.0201 3 53 18 70
crazing 0.0201 19 141 37 157
crazing 0.0201 116 174 132 198
crazing 0.0201 77 121 92 136
crazing 0.0201 109 151 123 185
crazing 0.0201 136 87 154 103
crazing 0.0200 156 139 173 155
crazing 0.0200 107 90 124 106
crazing 0.0200 134 126 150 143
crazing 0.0200 70 78 87 96
inclusion 0.0459 193 142 200 154
inclusion 0.0415 0 114 4 129
inclusion 0.0388 120 115 129 127
inclusion 0.0387 23 9 32 19
inclusion 0.0379 0 191 4 200
inclusion 0.0377 192 140 200 149
inclusion 0.0376 180 194 195 200
inclusion 0.0374 151 136 164 145
inclusion 0.0368 191 143 200 158
inclusion 0.0368 20 191 29 200
inclusion 0.0361 0 107 5 122
inclusion 0.0360 0 109 3 131
inclusion 0.0359 65 39 76 49
inclusion 0.0358 116 112 126 123
inclusion 0.0358 195 0 200 8
inclusion 0.0357 0 83 4 98
inclusion 0.0356 134 102 148 112
inclusion 0.0354 74 192 82 200
inclusion 0.0352 30 0 39 6
inclusion 0.0351 112 194 131 200
inclusion 0.0350 193 163 200 172
inclusion 0.0349 11 0 18 8
inclusion 0.0344 7 192 15 200
inclusion 0.0344 0 31 4 45
inclusion 0.0343 196 136 199 163
inclusion 0.0343 183 137 192 150
inclusion 0.0342 12 0 23 6
inclusion 0.0335 195 191 200 200
inclusion 0.0335 191 161 200 169
inclusion 0.0335 193 136 200 146
inclusion 0.0335 59 194 77 199
inclusion 0.0335 0 0 3 12
inclusion 0.0335 191 137 200 153
inclusion 0.0334 0 20 4 35
inclusion 0.0330 0 80 3 106
inclusion 0.0330 0 101 4 115
inclusion 0.0329 26 9 35 20
inclusion 0.0328 195 1 200 16
inclusion 0.0327 34 0 41 8
inclusion 0.0327 23 0 39 4
inclusion 0.0327 60 131 69 142
inclusion 0.0325 70 191 78 200
inclusion 0.0325 62 38 72 50
inclusion 0.0324 17 0 25 8
inclusion 0.0324 191 191 198 200
inclusion 0.0323 19 8 30 19
inclusion 0.0323 191 0 200 5
inclusion 0.0323 26 102 36 113
inclusion 0.0322 0 180 5 195
inclusion 0.0319 156 137 166 150
inclusion 0.0318 81 107 88 121
inclusion 0.0317 15 7 26 19
inclusion 0.0316 4 192 12 200
inclusion 0.0316 0 13 2 40
inclusion 0.0316 133 0 149 4
inclusion 0.0314 0 13 4 29
inclusion 0.0314 134 192 142 200
inclusion 0.0314 0 0 9 5
inclusion 0.0312 77 103 91 112
inclusion 0.0312 129 0 140 6
inclusion 0.0311 183 189 192 200
inclusion 0.0311 134 0 141 8
inclusion 0.0309 17 191 25 200
inclusion 0.0309 180 0 190 6
inclusion 0.0309 7 0 15 8
inclusion 0.0308 83 100 93 113
inclusion 0.0307 66 22 76 33
inclusion 0.0305 0 175 3 198
inclusion 0.0304 137 192 145 200
inclusion 0.0303 0 77 5 92
inclusion 0.0303 26 182 35 193
inclusion 0.0302 0 91 4 105
inclusion 0.0302 83 105 92 116
inclusion 0.0301 120 119 129 131
inclusion 0.0301 5 112 17 126
inclusion 0.0300 112 192 123 200
inclusion 0.0300 159 132 169 143
inclusion 0.0299 0 95 3 119
inclusion 0.0299 178 196 200 200
inclusion 0.0299 0 111 11 124
inclusion 0.0298 125 125 135 135
inclusion 0.0297 136 104 146 116
inclusion 0.0297 66 118 76 130
inclusion 0.0296 17 0 33 4
inclusion 0.0296 77 107 90 115
inclusion 0.0296 11 192 19 200
inclusion 0.0296 121 62 135 71
inclusion 0.0296 0 141 5 155
inclusion 0.0296 64 116 77 125
inclusion 0.0295 0 113 6 122
inclusion 0.0295 192 176 200 186
inclusion 0.0295 16 195 33 200
inclusion 0.0295 123 0 138 5
inclusion 0.0294 181 189 189 200
inclusion 0.0294 6 15 16 27
inclusion 0.0294 152 193 163 200
inclusion 0.0294 139 101 149 113
inclusion 0.0292 159 64 175 71
inclusion 0.0292 3 0 20 5
inclusion 0.0292 0 25 2 50
inclusion 0.0292 117 115 125 127
inclusion 0.0292 76 12 85 24
inclusion 0.0292 21 135 34 144
inclusion 0.0291 184 139 198 149
inclusion 0.0291 67 191 75 200
inclusion 0.0291 158 137 170 146
inclusion 0.0291 0 183 3 200
inclusion 0.0290 77 192 85 200
inclusion 0.0290 100 109 111 120
inclusion 0.0289 150 0 167 5
inclusion 0.0288 29 101 39 114
inclusion 0.0288 196 1 199 26
inclusion 0.0288 137 0 145 8
inclusion 0.0288 66 165 76 176
inclusion 0.0287 24 191 32 200
inclusion 0.0287 62 149 72 159
inclusion 0.0287 153 31 163 43
inclusion 0.0287 9 9 20 20
inclusion 0.0287 0 99 6 109
inclusion 0.0286 151 139 164 148
inclusion 0.0285 21 0 28 8
inclusion 0.0285 64 195 84 200
inclusion 0.0285 9 12 19 23
inclusion 0.0284 38 0 45 8
inclusion 0.0284 190 174 199 182
inclusion 0.0284 151 195 170 200
inclusion 0.0284 69 21 79 33
inclusion 0.0283 187 191 195 200
inclusion 0.0283 124 114 133 127
inclusion 0.0283 176 146 186 157
inclusion 0.0283 127 0 135 8
inclusion 0.0283 61 166 74 175
inclusion 0.0282 69 163 79 173
inclusion 0.0281 72 18 83 29
inclusion 0.0281 0 121 4 135
inclusion 0.0281 142 42 153 53
inclusion 0.0280 14 192 22 200
inclusion 0.0280 103 0 119 5
inclusion 0.0280 114 63 126 76
inclusion 0.0280 192 4 200 12
inclusion 0.0280 23 115 32 127
inclusion 0.0279 159 59 174 68
inclusion 0.0279 120 193 130 200
inclusion 0.0279 75 109 86 120
inclusion 0.0278 77 99 92 108
inclusion 0.0278 78 8 84 23
inclusion 0.0278 0 180 8 188
inclusion 0.0278 154 0 162 8
inclusion 0.0277 0 87 8 95
inclusion 0.0276 116 108 126 120
inclusion 0.0276 194 9 200 19
inclusion 0.0275 67 35 75 46
inclusion 0.0275 196 154 199 178
inclusion 0.0275 118 113 132 122
inclusion 0.0274 193 65 200 76
inclusion 0.0274 186 195 200 200
inclusion 0.0274 129 118 140 131
inclusion 0.0274 0 195 9 200
inclusion 0.0274 63 37 79 45
inclusion 0.0274 84 8 92 21
inclusion 0.0274 123 0 132 8
inclusion 0.0273 161 192 169 199
inclusion 0.0271 163 21 171 34
inclusion 0.0270 73 9 83 21
inclusion 0.0270 0 40 6 49
inclusion 0.0269 131 192 138 200
inclusion 0.0269 66 6 76 17
inclusion 0.0268 69 166 80 176
inclusion 0.0268 79 13 89 23
inclusion 0.0268 24 0 31 8
inclusion 0.0267 166 23 175 33
inclusion 0.0267 62 130 72 140
inclusion 0.0266 61 36 80 51
inclusion 0.0266 129 39 139 49
inclusion 0.0265 60 133 75 142
inclusion 0.0265 9 48 19 60
inclusion 0.0265 196 184 199 200
inclusion 0.0265 28 0 35 8
inclusion 0.0264 57 128 66 139
inclusion 0.0264 195 71 200 86
inclusion 0.0264 116 67 131 75
inclusion 0.0263 0 26 6 36
inclusion 0.0263 167 191 175 200
inclusion 0.0261 177 191 185 199
inclusion 0.0261 34 0 49 5
inclusion 0.0260 110 196 137 200
inclusion 0.0260 107 0 115 7
inclusion 0.0260 0 17 7 25
inclusion 0.0260 63 135 73 146
inclusion 0.0259 171 192 178 200
inclusion 0.0258 187 137 199 145
inclusion 0.0258 127 192 135 200
inclusion 0.0258 20 12 30 23
inclusion 0.0258 0 118 3 143
inclusion 0.0258 190 161 200 175
inclusion 0.0258 0 111 10 118
inclusion 0.0257 146 115 156 127
inclusion 0.0257 0 89 6 99
inclusion 0.0257 186 9 195 20
inclusion 0.0257 119 108 130 121
inclusion 0.0256 114 112 122 124
inclusion 0.0256 0 186 6 196
inclusion 0.0256 139 82 149 93
inclusion 0.0256 103 91 112 104
inclusion 0.0255 192 7 200 15
inclusion 0.0255 7 11 15 25
inclusion 0.0255 125 39 135 50
inclusion 0.0255 68 41 74 55
inclusion 0.0254 163 55 172 69
inclusion 0.0254 117 0 126 8
inclusion 0.0254 157 66 171 75
inclusion 0.0254 9 6 21 16
inclusion 0.0254 63 122 72 133
inclusion 0.0253 94 191 102 199
inclusion 0.0253 146 70 162 78
inclusion 0.0253 0 117 8 125
inclusion 0.0252 30 192 38 200
inclusion 0.0252 26 136 42 145
inclusion 0.0252 25 5 31 19
inclusion 0.0252 0 35 3 58
inclusion 0.0252 70 39 80 48
inclusion 0.0252 72 111 83 123
inclusion 0.0251 6 116 22 125
inclusion 0.0251 150 72 159 83
inclusion 0.0251 0 30 6 40
inclusion 0.0251 194 146 200 162
inclusion 0.0251 4 14 18 22
inclusion 0.0250 68 20 80 29
inclusion 0.0249 0 84 9 98
inclusion 0.0249 5 9 16 20
inclusion 0.0248 105 194 122 200
inclusion 0.0248 183 0 191 8
inclusion 0.0248 196 62 199 90
inclusion 0.0248 9 85 20 96
inclusion 0.0248 141 0 148 8
inclusion 0.0247 0 12 6 23
inclusion 0.0247 0 151 5 166
inclusion 0.0247 0 172 5 185
inclusion 0.0246 69 6 79 17
inclusion 0.0246 143 145 153 156
inclusion 0.0246 195 27 200 42
inclusion 0.0246 195 47 200 62
inclusion 0.0246 157 192 165 200
inclusion 0.0246 119 0 130 6
inclusion 0.0245 0 57 3 82
inclusion 0.0245 163 125 173 137
inclusion 0.0245 196 145 199 172
inclusion 0.0245 3 15 13 26
inclusion 0.0245 26 113 36 123
inclusion 0.0245 0 138 6 149
inclusion 0.0245 189 124 200 131
inclusion 0.0245 195 10 200 26
inclusion 0.0245 149 97 160 110
inclusion 0.0244 120 123 130 134
inclusion 0.0244 163 195 180 200
inclusion 0.0244 162 66 173 76
inclusion 0.0244 106 89 117 100
inclusion 0.0244 147 110 155 125
inclusion 0.0243 0 142 3 166
inclusion 0.0243 26 193 37 200
inclusion 0.0243 84 107 91 121
inclusion 0.0243 136 146 146 157
inclusion 0.0243 150 0 160 6
inclusion 0.0242 94 111 108 122
inclusion 0.0242 150 133 165 152
inclusion 0.0242 123 191 132 200
inclusion 0.0242 163 61 171 73
inclusion 0.0242 110 0 119 7
inclusion 0.0241 182 9 193 21
inclusion 0.0241 114 0 122 7
inclusion 0.0241 6 122 16 134
inclusion 0.0240 80 8 88 21
inclusion 0.0239 6 48 15 60
inclusion 0.0239 128 126 140 135
inclusion 0.0238 66 122 76 134
inclusion 0.0238 174 192 182 200
inclusion 0.0238 116 192 127 200
inclusion 0.0238 83 13 93 23
inclusion 0.0238 126 62 139 71
inclusion 0.0238 32 0 37 10
inclusion 0.0237 146 72 156 84
inclusion 0.0237 151 110 158 125
inclusion 0.0236 62 114 73 127
inclusion 0.0236 9 0 26 8
inclusion 0.0236 13 124 22 139
inclusion 0.0236 122 112 127 132
inclusion 0.0236 0 147 6 156
inclusion 0.0236 20 114 34 122
inclusion 0.0236 149 137 160 150
inclusion 0.0236 194 171 200 185
inclusion 0.0236 105 106 116 116
inclusion 0.0235 0 0 6 9
inclusion 0.0235 67 113 81 122
inclusion 0.0235 83 123 93 133
inclusion 0.0235 105 109 115 120
inclusion 0.0235 123 43 137 52
inclusion 0.0235 191 145 200 151
inclusion 0.0235 86 105 97 117
inclusion 0.0235 187 0 195 8
inclusion 0.0234 26 45 36 57
inclusion 0.0234 77 110 91 119
inclusion 0.0234 195 87 200 103
inclusion 0.0234 97 191 105 199
inclusion 0.0234 0 137 9 144
inclusion 0.0234 66 149 76 159
inclusion 0.0234 0 84 8 92
inclusion 0.0234 10 26 19 36
inclusion 0.0233 173 43 182 53
inclusion 0.0233 142 101 153 114
inclusion 0.0232 194 153 200 168
inclusion 0.0232 190 134 200 142
inclusion 0.0232 0 20 7 28
inclusion 0.0232 70 169 80 179
inclusion 0.0231 193 109 200 119
inclusion 0.0231 127 123 142 132
inclusion 0.0231 0 60 5 76
inclusion 0.0231 173 0 190 5
inclusion 0.0231 157 62 169 72
inclusion 0.0231 113 116 122 128
inclusion 0.0231 182 0 199 5
inclusion 0.0231 173 195 190 200
inclusion 0.0231 163 56 177 64
inclusion 0.0231 155 165 166 176
inclusion 0.0231 134 102 142 118
inclusion 0.0231 17 25 27 36
inclusion 0.0230 52 194 70 200
inclusion 0.0230 149 42 159 53
inclusion 0.0230 80 192 89 199
inclusion 0.0229 155 133 165 144
inclusion 0.0229 114 68 136 74
inclusion 0.0229 133 143 148 152
inclusion 0.0229 193 25 200 36
inclusion 0.0229 182 190 199 199
inclusion 0.0229 165 122 177 133
inclusion 0.0229 166 79 176 90
inclusion 0.0229 69 114 79 126
inclusion 0.0229 64 7 72 22
inclusion 0.0228 72 195 90 200
inclusion 0.0228 0 40 4 55
inclusion 0.0228 133 42 143 52
inclusion 0.0228 20 7 33 16
inclusion 0.0227 4 0 12 8
inclusion 0.0227 0 157 6 167
inclusion 0.0227 3 19 12 30
inclusion 0.0227 164 191 172 200
inclusion 0.0227 71 158 77 173
inclusion 0.0227 20 11 37 17
inclusion 0.0227 196 128 199 153
inclusion 0.0227 0 166 3 188
inclusion 0.0226 127 102 141 112
inclusion 0.0226 118 109 124 127
inclusion 0.0226 140 146 149 156
inclusion 0.0226 170 23 180 33
inclusion 0.0226 153 39 162 50
inclusion 0.0225 158 119 170 130
inclusion 0.0225 153 138 169 144
inclusion 0.0225 191 71 200 79
inclusion 0.0225 76 96 92 115
inclusion 0.0225 0 24 8 32
inclusion 0.0225 118 112 132 130
inclusion 0.0225 19 180 30 194
inclusion 0.0225 176 105 186 118
inclusion 0.0225 13 12 23 23
inclusion 0.0225 119 59 128 73
inclusion 0.0224 73 113 88 122
inclusion 0.0224 77 10 90 19
inclusion 0.0224 0 34 8 42
inclusion 0.0224 157 0 166 8
inclusion 0.0224 81 98 89 114
inclusion 0.0224 166 64 177 73
inclusion 0.0224 7 27 15 43
inclusion 0.0224 140 191 148 200
inclusion 0.0224 136 109 146 120
inclusion 0.0224 64 166 72 182
inclusion 0.0224 112 122 122 134
inclusion 0.0224 155 32 166 44
inclusion 0.0224 165 26 176 36
inclusion 0.0223 41 0 48 8
inclusion 0.0223 123 66 132 76
inclusion 0.0223 190 87 200 95
inclusion 0.0223 118 117 124 132
inclusion 0.0223 6 195 23 200
inclusion 0.0223 176 43 186 53
inclusion 0.0223 10 87 18 102
inclusion 0.0223 10 42 18 58
inclusion 0.0223 121 63 128 77
inclusion 0.0222 19 190 36 200
inclusion 0.0222 74 16 87 25
inclusion 0.0222 110 190 119 200
inclusion 0.0222 134 31 142 45
inclusion 0.0222 161 25 172 36
inclusion 0.0222 14 0 39 2
inclusion 0.0222 0 124 8 132
inclusion 0.0222 130 0 146 8
inclusion 0.0222 0 36 10 47
inclusion 0.0222 119 70 129 80
inclusion 0.0222 0 156 3 177
inclusion 0.0222 196 43 199 69
inclusion 0.0222 124 118 133 132
inclusion 0.0222 194 131 200 145
inclusion 0.0221 3 117 12 130
inclusion 0.0221 187 137 196 152
inclusion 0.0221 72 115 83 126
inclusion 0.0221 133 100 149 119
inclusion 0.0221 115 58 133 74
inclusion 0.0221 43 116 57 125
inclusion 0.0221 136 81 146 93
inclusion 0.0220 178 0 186 7
inclusion 0.0220 14 6 24 16
inclusion 0.0220 74 13 81 26
inclusion 0.0220 150 37 158 51
inclusion 0.0220 76 19 86 29
inclusion 0.0220 126 6 136 16
inclusion 0.0220 129 6 139 17
inclusion 0.0219 150 35 159 47
inclusion 0.0219 0 163 6 172
inclusion 0.0219 64 190 72 199
inclusion 0.0219 195 20 200 34
inclusion 0.0219 70 0 79 8
inclusion 0.0219 0 164 5 178
inclusion 0.0219 142 72 152 83
inclusion 0.0219 150 76 159 87
inclusion 0.0219 166 58 176 70
inclusion 0.0219 196 23 199 48
inclusion 0.0219 60 43 73 52
inclusion 0.0219 160 165 168 177
inclusion 0.0219 116 82 126 93
inclusion 0.0218 191 74 200 82
inclusion 0.0218 5 0 28 2
inclusion 0.0218 24 133 36 143
inclusion 0.0218 164 68 171 82
inclusion 0.0218 182 91 193 103
inclusion 0.0218 34 191 42 200
inclusion 0.0218 191 7 200 22
inclusion 0.0218 57 129 70 145
inclusion 0.0218 84 192 92 199
inclusion 0.0218 13 25 23 36
inclusion 0.0218 127 64 137 76
inclusion 0.0218 137 42 147 52
inclusion 0.0218 143 76 152 87
inclusion 0.0218 3 85 13 96
inclusion 0.0218 79 113 89 124
inclusion 0.0217 41 194 59 200
inclusion 0.0216 30 9 40 20
inclusion 0.0216 10 52 19 63
inclusion 0.0216 149 28 160 40
inclusion 0.0216 50 112 65 122
inclusion 0.0216 176 46 186 57
inclusion 0.0216 131 107 145 115
inclusion 0.0216 175 41 180 57
inclusion 0.0216 59 192 70 200
inclusion 0.0216 173 174 181 188
inclusion 0.0216 120 58 135 68
inclusion 0.0216 196 83 199 111
inclusion 0.0216 0 94 8 102
inclusion 0.0215 0 184 9 192
inclusion 0.0215 25 106 38 115
inclusion 0.0215 0 17 8 32
inclusion 0.0215 0 71 3 96
inclusion 0.0215 149 65 164 75
inclusion 0.0215 116 84 125 98
inclusion 0.0215 131 0 138 11
inclusion 0.0215 73 22 83 33
inclusion 0.0215 191 24 200 31
inclusion 0.0214 123 74 133 84
inclusion 0.0214 31 0 46 9
inclusion 0.0214 0 68 6 80
inclusion 0.0214 173 105 182 117
inclusion 0.0214 116 122 126 133
inclusion 0.0214 91 192 99 199
inclusion 0.0214 0 80 8 89
inclusion 0.0214 109 124 119 137
inclusion 0.0214 87 191 95 200
inclusion 0.0214 11 27 18 43
inclusion 0.0213 19 118 29 129
inclusion 0.0213 55 132 68 142
inclusion 0.0213 76 101 86 114
inclusion 0.0213 149 109 159 120
inclusion 0.0213 11 4 18 19
inclusion 0.0213 99 113 113 122
inclusion 0.0213 144 115 152 126
inclusion 0.0213 153 0 171 8
inclusion 0.0212 0 120 8 129
inclusion 0.0212 128 72 135 85
inclusion 0.0212 154 59 171 73
inclusion 0.0212 4 10 11 24
inclusion 0.0212 60 125 68 139
inclusion 0.0212 153 73 163 84
inclusion 0.0212 45 81 56 93
inclusion 0.0212 113 110 124 119
inclusion 0.0212 10 1 19 14
inclusion 0.0212 28 133 40 144
inclusion 0.0212 140 70 148 85
inclusion 0.0211 148 191 165 200
inclusion 0.0211 141 78 147 94
inclusion 0.0211 194 96 200 106
inclusion 0.0211 161 0 169 7
inclusion 0.0211 145 67 156 79
inclusion 0.0211 56 99 66 111
inclusion 0.0211 109 0 127 4
inclusion 0.0211 66 92 76 103
inclusion 0.0211 79 126 89 137
inclusion 0.0211 184 139 191 156
inclusion 0.0210 150 99 165 108
inclusion 0.0210 100 89 110 100
inclusion 0.0210 130 107 138 122
inclusion 0.0210 195 163 200 179
inclusion 0.0209 64 21 71 35
inclusion 0.0209 157 54 175 71
inclusion 0.0209 14 0 21 10
inclusion 0.0209 0 107 8 115
inclusion 0.0209 107 90 115 105
inclusion 0.0209 0 13 11 22
inclusion 0.0209 133 195 149 200
inclusion 0.0209 181 89 194 98
inclusion 0.0209 159 169 170 180
inclusion 0.0209 57 191 65 200
inclusion 0.0209 53 191 62 200
inclusion 0.0209 74 79 89 88
inclusion 0.0209 30 49 39 61
inclusion 0.0208 0 177 10 191
inclusion 0.0208 24 10 31 24
inclusion 0.0208 74 0 82 8
inclusion 0.0208 127 34 134 48
inclusion 0.0208 57 149 71 158
inclusion 0.0208 196 163 199 190
inclusion 0.0208 105 131 117 143
inclusion 0.0208 17 10 25 25
inclusion 0.0208 196 34 199 59
inclusion 0.0208 195 110 200 126
inclusion 0.0207 149 101 159 114
inclusion 0.0207 129 46 139 56
inclusion 0.0207 73 40 83 53
inclusion 0.0207 22 4 32 13
inclusion 0.0207 60 93 75 102
inclusion 0.0207 9 46 21 55
inclusion 0.0207 27 114 35 128
inclusion 0.0207 114 109 129 126
inclusion 0.0207 12 44 23 57
inclusion 0.0207 6 26 16 36
inclusion 0.0207 177 36 186 47
inclusion 0.0206 0 150 6 159
inclusion 0.0206 28 6 33 23
inclusion 0.0206 193 32 200 42
inclusion 0.0206 43 192 52 200
inclusion 0.0206 4 102 12 118
inclusion 0.0206 63 90 72 104
inclusion 0.0206 67 166 75 181
inclusion 0.0206 0 108 15 122
inclusion 0.0206 89 43 100 53
inclusion 0.0206 42 45 53 57
inclusion 0.0205 13 48 23 60
inclusion 0.0205 154 134 162 150
inclusion 0.0205 172 46 182 56
inclusion 0.0205 79 130 90 140
inclusion 0.0205 43 49 53 60
inclusion 0.0205 157 126 170 136
inclusion 0.0205 125 121 132 136
inclusion 0.0205 167 123 175 138
inclusion 0.0205 177 59 185 74
inclusion 0.0205 10 19 20 30
inclusion 0.0205 169 79 180 90
inclusion 0.0204 119 27 129 40
inclusion 0.0204 196 10 199 35
inclusion 0.0204 22 25 33 36
inclusion 0.0204 117 0 142 3
inclusion 0.0204 143 80 153 90
inclusion 0.0204 147 77 155 87
inclusion 0.0204 194 57 200 72
inclusion 0.0204 139 76 149 87
inclusion 0.0204 139 44 150 56
inclusion 0.0203 0 117 9 132
inclusion 0.0203 0 184 10 198
inclusion 0.0203 70 42 79 53
inclusion 0.0203 145 143 156 154
inclusion 0.0203 84 102 98 112
inclusion 0.0203 23 181 32 195
inclusion 0.0203 87 109 97 120
inclusion 0.0203 58 48 70 60
inclusion 0.0203 47 191 55 200
inclusion 0.0203 103 86 113 97
inclusion 0.0203 104 0 112 7
inclusion 0.0202 22 13 34 22
inclusion 0.0202 104 162 119 172
inclusion 0.0202 25 0 48 2
inclusion 0.0202 100 147 108 162
inclusion 0.0202 177 75 185 88
inclusion 0.0202 130 32 139 44
inclusion 0.0202 153 164 167 173
inclusion 0.0202 156 142 166 154
inclusion 0.0202 47 47 55 62
inclusion 0.0202 103 76 118 85
inclusion 0.0202 7 50 14 64
inclusion 0.0202 67 159 74 171
inclusion 0.0202 0 134 11 147
inclusion 0.0202 163 73 172 84
inclusion 0.0202 122 6 133 16
inclusion 0.0202 140 69 155 78
inclusion 0.0202 11 10 18 27
inclusion 0.0201 65 147 76 156
inclusion 0.0201 113 70 128 78
inclusion 0.0201 183 187 197 196
inclusion 0.0201 80 123 89 133
inclusion 0.0201 77 105 84 118
inclusion 0.0201 133 36 143 47
inclusion 0.0201 49 26 59 36
inclusion 0.0201 30 181 38 195
inclusion 0.0201 41 119 54 129
inclusion 0.0201 164 118 172 131
inclusion 0.0201 190 180 200 188
inclusion 0.0201 0 130 6 140
inclusion 0.0201 9 113 25 122
inclusion 0.0200 132 182 146 191
inclusion 0.0200 122 102 133 114
inclusion 0.0200 0 0 4 16
inclusion 0.0200 89 195 107 200
inclusion 0.0200 147 4 156 19
inclusion 0.0200 181 145 188 158
inclusion 0.0200 27 188 35 199
inclusion 0.0200 126 45 136 56
inclusion 0.0200 132 145 153 150
inclusion 0.0200 4 54 16 62
inclusion 0.0200 39 85 49 97
inclusion 0.0200 196 53 199 79
