scratches 0.0421 26 104 47 110
scratches 0.0367 44 192 61 200
scratches 0.0325 42 68 64 74
scratches 0.0325 5 145 27 150
scratches 0.0322 105 0 111 14
scratches 0.0322 0 52 22 57
scratches 0.0319 19 22 39 27
scratches 0.0315 176 192 193 199
scratches 0.0315 13 105 38 110
scratches 0.0309 18 78 41 84
scratches 0.0306 26 55 48 60
scratches 0.0294 77 192 94 199
scratches 0.0286 0 74 21 80
scratches 0.0284 52 135 74 141
scratches 0.0274 183 131 200 137
scratches 0.0274 48 50 54 69
scratches 0.0270 41 168 64 173
scratches 0.0270 5 116 11 134
scratches 0.0258 34 131 56 136
scratches 0.0258 44 42 68 47
scratches 0.0257 109 191 127 198
scratches 0.0257 7 74 30 80
scratches 0.0253 32 112 54 117
scratches 0.0253 42 0 48 14
scratches 0.0252 51 75 75 80
scratches 0.0252 0 112 20 117
scratches 0.0249 139 162 160 167
scratches 0.0248 100 152 125 157
scratches 0.0247 14 117 35 123
scratches 0.0247 21 18 44 23
scratches 0.0246 0 98 21 104
scratches 0.0244 0 121 20 127
scratches 0.0244 48 0 54 14
scratches 0.0242 32 31 50 37
scratches 0.0241 113 58 134 64
scratches 0.0241 16 162 37 168
scratches 0.0240 29 108 50 113
scratches 0.0238 98 0 119 7
scratches 0.0236 0 105 12 111
scratches 0.0235 85 116 91 134
scratches 0.0233 160 0 187 3
scratches 0.0233 77 185 99 191
scratches 0.0232 15 175 38 180
scratches 0.0232 155 178 177 183
scratches 0.0230 8 45 32 50
scratches 0.0230 100 0 127 3
scratches 0.0229 0 188 11 194
scratches 0.0229 134 125 158 131
scratches 0.0229 16 61 38 67
scratches 0.0227 54 64 73 71
scratches 0.0227 0 48 19 53
scratches 0.0227 65 158 88 163
scratches 0.0225 75 171 97 177
scratches 0.0224 172 0 177 15
scratches 0.0224 85 45 107 50
scratches 0.0223 138 188 161 193
scratches 0.0223 53 15 75 21
scratches 0.0223 136 192 155 199
scratches 0.0223 72 132 94 137
scratches 0.0223 0 33 8 50
scratches 0.0221 128 182 152 188
scratches 0.0220 0 175 11 181
scratches 0.0220 72 87 77 106
scratches 0.0219 86 92 107 97
scratches 0.0218 5 4 10 22
scratches 0.0217 189 115 200 121
scratches 0.0217 95 15 118 21
scratches 0.0215 0 167 3 193
scratches 0.0215 62 0 92 3
scratches 0.0215 6 179 27 184
scratches 0.0215 15 152 37 157
scratches 0.0215 43 185 66 190
scratches 0.0214 18 134 39 140
scratches 0.0214 31 0 37 14
scratches 0.0214 185 171 200 178
scratches 0.0214 0 196 23 199
scratches 0.0213 133 7 151 14
scratches 0.0213 145 98 169 103
scratches 0.0212 1 50 8 67
scratches 0.0212 6 0 35 2
scratches 0.0210 97 75 122 80
scratches 0.0209 11 92 36 97
scratches 0.0209 89 196 118 199
scratches 0.0209 52 23 57 42
scratches 0.0208 38 58 44 78
scratches 0.0208 78 0 84 11
scratches 0.0208 48 43 53 62
scratches 0.0208 0 128 11 134
scratches 0.0207 197 19 199 47
scratches 0.0207 188 1 194 15
scratches 0.0207 8 162 31 168
scratches 0.0206 116 192 134 199
scratches 0.0206 0 98 11 104
scratches 0.0205 0 0 3 12
scratches 0.0205 5 128 27 133
scratches 0.0205 132 165 154 170
scratches 0.0205 0 121 8 136
scratches 0.0204 0 171 5 186
scratches 0.0203 66 8 87 14
scratches 0.0203 10 171 30 177
scratches 0.0203 57 191 74 199
scratches 0.0202 162 161 183 167
scratches 0.0202 1 155 8 169
scratches 0.0202 162 0 168 11
scratches 0.0201 70 85 90 90
scratches 0.0201 83 175 104 180
scratches 0.0201 150 0 178 2
scratches 0.0201 20 196 46 199
scratches 0.0200 108 178 132 183
scratches 0.0200 73 12 93 17
scratches 0.0200 5 25 26 30
scratches 0.0200 21 118 44 123
rolled-in_scale 0.0319 7 139 21 148
rolled-in_scale 0.0310 7 152 16 165
rolled-in_scale 0.0310 0 22 3 44
rolled-in_scale 0.0290 4 85 11 100
rolled-in_scale 0.0279 63 18 72 31
rolled-in_scale 0.0270 64 14 72 27
rolled-in_scale 0.0269 0 21 10 35
rolled-in_scale 0.0259 30 0 39 11
rolled-in_scale 0.0253 177 7 193 21
rolled-in_scale 0.0253 187 38 195 52
rolled-in_scale 0.0249 184 0 192 11
rolled-in_scale 0.0248 64 17 78 25
rolled-in_scale 0.0248 138 16 152 26
rolled-in_scale 0.0245 5 155 18 169
rolled-in_scale 0.0244 67 14 74 28
rolled-in_scale 0.0243 187 54 195 67
rolled-in_scale 0.0240 130 176 139 187
rolled-in_scale 0.0238 0 27 6 36
rolled-in_scale 0.0238 17 48 25 62
rolled-in_scale 0.0237 185 4 197 12
rolled-in_scale 0.0237 181 4 188 20
rolled-in_scale 0.0237 23 158 33 172
rolled-in_scale 0.0235 2 157 15 165
rolled-in_scale 0.0233 144 178 161 191
rolled-in_scale 0.0233 173 184 190 197
rolled-in_scale 0.0233 65 20 76 29
rolled-in_scale 0.0232 5 151 12 165
rolled-in_scale 0.0230 177 174 191 182
rolled-in_scale 0.0229 4 17 12 33
rolled-in_scale 0.0228 0 124 3 149
rolled-in_scale 0.0228 154 140 162 153
rolled-in_scale 0.0228 1 87 15 96
rolled-in_scale 0.0227 174 110 189 118
rolled-in_scale 0.0227 178 82 197 95
rolled-in_scale 0.0225 179 13 190 23
rolled-in_scale 0.0225 126 175 142 188
rolled-in_scale 0.0223 113 24 131 38
rolled-in_scale 0.0222 184 38 191 53
rolled-in_scale 0.0222 151 144 165 153
rolled-in_scale 0.0222 136 138 146 152
rolled-in_scale 0.0221 179 0 192 9
rolled-in_scale 0.0221 185 0 198 8
rolled-in_scale 0.0221 174 113 188 122
rolled-in_scale 0.0220 141 181 159 194
rolled-in_scale 0.0219 178 172 185 185
rolled-in_scale 0.0218 183 83 197 92
rolled-in_scale 0.0217 0 29 11 39
rolled-in_scale 0.0216 184 147 197 156
rolled-in_scale 0.0216 126 185 148 190
rolled-in_scale 0.0215 184 5 192 19
rolled-in_scale 0.0215 149 182 159 193
rolled-in_scale 0.0215 176 169 194 181
rolled-in_scale 0.0215 184 81 192 95
rolled-in_scale 0.0214 153 184 169 198
rolled-in_scale 0.0213 0 85 16 99
rolled-in_scale 0.0213 2 160 15 168
rolled-in_scale 0.0212 7 82 16 95
rolled-in_scale 0.0212 126 114 144 127
rolled-in_scale 0.0211 179 4 191 12
rolled-in_scale 0.0211 2 26 13 36
rolled-in_scale 0.0210 187 87 196 102
rolled-in_scale 0.0210 177 185 186 196
rolled-in_scale 0.0210 173 0 200 2
rolled-in_scale 0.0209 34 141 42 155
rolled-in_scale 0.0209 27 155 35 168
rolled-in_scale 0.0209 27 0 36 11
rolled-in_scale 0.0209 183 54 198 69
rolled-in_scale 0.0209 173 107 191 121
rolled-in_scale 0.0208 0 60 3 85
rolled-in_scale 0.0208 1 107 14 115
rolled-in_scale 0.0207 172 188 191 194
rolled-in_scale 0.0207 4 157 13 171
rolled-in_scale 0.0207 60 14 75 28
rolled-in_scale 0.0207 174 54 189 69
rolled-in_scale 0.0207 4 101 11 114
rolled-in_scale 0.0205 181 110 197 118
rolled-in_scale 0.0205 181 10 194 19
rolled-in_scale 0.0204 180 78 195 86
rolled-in_scale 0.0204 124 83 138 91
rolled-in_scale 0.0204 0 81 3 106
rolled-in_scale 0.0203 185 43 197 52
rolled-in_scale 0.0203 28 0 42 8
rolled-in_scale 0.0203 180 173 189 184
rolled-in_scale 0.0202 178 168 194 175
rolled-in_scale 0.0202 106 184 124 197
rolled-in_scale 0.0202 152 121 171 134
rolled-in_scale 0.0201 128 191 141 200
rolled-in_scale 0.0201 179 6 190 17
rolled-in_scale 0.0200 0 65 11 77
patches 0.4587 33 14 51 37
patches 0.0840 32 8 57 41
patches 0.0571 57 0 82 3
patches 0.0545 35 124 52 132
patches 0.0531 64 0 72 8
patches 0.0523 52 196 72 200
patches 0.0520 103 165 121 172
patches 0.0505 148 196 171 200
patches 0.0505 117 0 144 3
patches 0.0488 97 0 105 10
patches 0.0479 0 95 10 101
patches 0.0476 196 177 199 200
patches 0.0474 60 0 75 5
patches 0.0455 72 196 95 200
patches 0.0454 39 157 58 170
patches 0.0452 102 165 120 179
patches 0.0448 0 90 3 115
patches 0.0438 196 125 199 152
patches 0.0436 0 40 3 65
patches 0.0434 124 0 131 10
patches 0.0431 93 0 119 3
patches 0.0430 196 0 199 12
patches 0.0428 57 191 65 199
patches 0.0428 184 0 200 3
patches 0.0428 193 0 200 6
patches 0.0418 191 0 199 8
patches 0.0417 134 0 160 3
patches 0.0416 77 0 103 3
patches 0.0415 0 177 3 200
patches 0.0415 196 32 199 60
patches 0.0413 164 196 188 199
patches 0.0411 30 15 47 46
patches 0.0411 183 196 200 199
patches 0.0409 40 0 66 3
patches 0.0408 0 68 3 93
patches 0.0405 141 0 148 10
patches 0.0404 0 45 11 51
patches 0.0403 196 42 199 70
patches 0.0403 0 116 3 142
patches 0.0402 196 12 199 39
patches 0.0397 0 196 19 199
patches 0.0396 136 0 152 9
patches 0.0394 43 4 70 42
patches 0.0394 0 98 11 104
patches 0.0390 80 196 105 199
patches 0.0388 121 0 128 10
patches 0.0385 0 125 10 131
patches 0.0383 84 0 91 11
patches 0.0382 196 96 199 122
patches 0.0381 190 185 199 191
patches 0.0381 3 1 49 46
patches 0.0381 190 181 200 195
patches 0.0379 146 195 162 200
patches 0.0379 20 7 56 52
patches 0.0378 61 181 78 199
patches 0.0377 0 0 19 3
patches 0.0377 138 0 145 10
patches 0.0377 68 0 74 10
patches 0.0375 0 188 9 198
patches 0.0375 0 92 11 98
patches 0.0374 196 2 199 28
patches 0.0374 13 114 31 121
patches 0.0373 166 195 182 200
patches 0.0372 0 15 11 21
patches 0.0372 0 121 7 128
patches 0.0371 0 138 12 144
patches 0.0371 127 0 136 8
patches 0.0371 61 0 69 7
patches 0.0369 34 16 43 32
patches 0.0369 193 183 200 192
patches 0.0369 17 0 43 3
patches 0.0368 0 91 5 105
patches 0.0366 190 51 200 58
patches 0.0365 15 98 36 104
patches 0.0363 190 71 199 78
patches 0.0363 0 180 9 195
patches 0.0363 0 0 3 12
patches 0.0361 189 85 199 118
patches 0.0361 97 196 123 199
patches 0.0360 34 196 60 199
patches 0.0360 0 130 3 155
patches 0.0357 49 195 65 200
patches 0.0356 54 48 71 54
patches 0.0356 0 94 9 108
patches 0.0355 0 48 11 54
patches 0.0355 0 88 9 102
patches 0.0355 145 0 151 10
patches 0.0354 190 68 200 75
patches 0.0354 0 82 11 88
patches 0.0353 127 196 150 200
patches 0.0352 196 60 199 86
patches 0.0349 107 0 134 3
patches 0.0348 0 43 6 52
patches 0.0347 0 88 12 94
patches 0.0346 173 0 200 2
patches 0.0345 190 41 200 48
patches 0.0345 180 84 200 118
patches 0.0344 21 190 34 198
patches 0.0343 0 184 8 192
patches 0.0343 123 0 141 9
patches 0.0341 0 7 3 33
patches 0.0341 54 68 72 75
patches 0.0341 190 98 200 104
patches 0.0341 193 107 200 116
patches 0.0340 190 188 200 194
patches 0.0339 111 0 118 11
patches 0.0337 0 120 4 135
patches 0.0337 180 195 196 200
patches 0.0337 101 0 108 10
patches 0.0337 10 196 35 199
patches 0.0336 81 0 89 9
patches 0.0335 0 102 11 107
patches 0.0334 117 0 125 10
patches 0.0334 193 102 200 113
patches 0.0334 190 195 200 200
patches 0.0334 0 188 11 194
patches 0.0333 190 48 200 54
patches 0.0332 157 0 183 3
patches 0.0331 0 0 5 8
patches 0.0331 116 196 143 199
patches 0.0331 190 15 200 21
patches 0.0331 189 100 200 115
patches 0.0330 193 16 200 26
patches 0.0329 44 191 52 199
patches 0.0329 76 193 87 200
patches 0.0328 184 0 191 10
patches 0.0327 190 45 200 51
patches 0.0327 190 22 200 27
patches 0.0327 120 0 136 4
patches 0.0327 195 127 200 141
patches 0.0325 0 189 19 200
patches 0.0325 17 3 54 30
patches 0.0324 181 0 188 10
patches 0.0323 189 55 200 61
patches 0.0323 9 101 28 107
patches 0.0323 0 181 10 187
patches 0.0323 186 187 200 200
patches 0.0322 0 11 8 19
patches 0.0322 190 47 200 62
patches 0.0322 131 0 138 10
patches 0.0321 102 193 113 200
patches 0.0321 95 0 109 9
patches 0.0320 196 135 199 163
patches 0.0320 0 189 3 200
patches 0.0320 188 0 194 10
patches 0.0319 0 131 10 145
patches 0.0318 0 27 8 35
patches 0.0318 28 12 56 26
patches 0.0317 0 81 3 106
patches 0.0316 191 0 199 25
patches 0.0316 78 0 84 11
patches 0.0315 196 68 199 97
patches 0.0314 190 5 200 11
patches 0.0314 140 181 158 188
patches 0.0314 114 55 134 61
patches 0.0314 95 68 112 75
patches 0.0313 0 192 10 199
patches 0.0313 24 0 32 8
patches 0.0311 119 195 136 200
patches 0.0310 188 129 200 140
patches 0.0310 94 61 110 76
patches 0.0310 133 0 142 9
patches 0.0309 157 195 172 200
patches 0.0309 193 99 200 109
patches 0.0308 194 68 200 81
patches 0.0306 0 1 10 7
patches 0.0306 31 0 57 3
patches 0.0305 116 0 133 8
patches 0.0305 190 33 200 68
patches 0.0304 190 135 200 141
patches 0.0304 0 11 9 25
patches 0.0303 0 105 12 111
patches 0.0303 0 41 10 54
patches 0.0303 0 141 12 147
patches 0.0302 37 121 46 133
patches 0.0302 43 94 61 101
patches 0.0302 193 49 200 59
patches 0.0302 98 171 120 178
patches 0.0300 190 14 200 28
patches 0.0300 0 70 10 85
patches 0.0300 178 0 184 10
patches 0.0300 0 190 6 199
patches 0.0299 193 189 200 199
patches 0.0299 0 90 6 100
patches 0.0299 0 118 8 132
patches 0.0299 44 91 60 98
patches 0.0298 151 191 159 200
patches 0.0297 0 135 11 140
patches 0.0297 114 0 121 10
patches 0.0297 0 44 5 58
patches 0.0297 77 0 92 5
patches 0.0296 196 149 199 177
patches 0.0296 0 108 12 114
patches 0.0295 0 0 8 5
patches 0.0295 0 131 5 145
patches 0.0295 134 196 159 200
patches 0.0295 193 126 200 136
patches 0.0295 0 85 11 91
patches 0.0295 0 74 10 80
patches 0.0294 0 118 10 124
patches 0.0294 0 101 10 114
patches 0.0294 195 6 200 22
patches 0.0294 147 0 174 3
patches 0.0293 152 112 174 117
patches 0.0293 94 5 111 11
patches 0.0293 36 192 47 200
patches 0.0292 190 75 200 81
patches 0.0291 168 0 174 11
patches 0.0291 196 188 199 200
patches 0.0291 176 192 200 200
patches 0.0289 189 41 200 55
patches 0.0289 0 24 3 48
patches 0.0289 195 37 200 52
patches 0.0289 95 0 102 10
patches 0.0289 0 81 10 95
patches 0.0288 167 95 189 101
patches 0.0288 190 182 200 187
patches 0.0287 99 187 117 198
patches 0.0287 0 42 11 48
patches 0.0287 190 78 200 84
patches 0.0287 0 71 5 85
patches 0.0287 55 125 62 139
patches 0.0287 0 78 11 84
patches 0.0286 0 132 11 138
patches 0.0286 0 137 3 162
patches 0.0286 0 68 15 75
patches 0.0286 177 0 193 5
patches 0.0286 37 186 53 199
patches 0.0285 33 127 52 134
patches 0.0285 193 13 200 23
patches 0.0285 189 128 200 134
patches 0.0285 16 71 36 77
patches 0.0285 186 0 200 12
patches 0.0285 41 160 59 167
patches 0.0285 0 104 3 129
patches 0.0285 38 0 44 10
patches 0.0284 18 14 34 21
patches 0.0284 2 5 29 68
patches 0.0283 81 82 88 98
patches 0.0283 190 138 200 144
patches 0.0283 31 6 46 36
patches 0.0283 184 124 200 137
patches 0.0281 0 165 11 170
patches 0.0281 79 88 99 94
patches 0.0281 99 0 117 17
patches 0.0280 152 108 172 114
patches 0.0279 143 91 162 98
patches 0.0279 190 95 200 101
patches 0.0279 34 189 42 200
patches 0.0278 0 31 10 37
patches 0.0278 142 55 161 61
patches 0.0278 55 128 70 135
patches 0.0278 88 0 94 10
patches 0.0278 19 188 37 195
patches 0.0277 17 191 25 200
patches 0.0277 165 0 171 11
patches 0.0276 46 9 64 38
patches 0.0276 120 178 139 184
patches 0.0275 190 162 200 168
patches 0.0275 179 95 200 110
patches 0.0274 162 0 168 11
patches 0.0274 51 0 58 10
patches 0.0274 0 57 3 82
patches 0.0273 63 0 80 8
patches 0.0272 82 194 94 200
patches 0.0272 80 187 89 199
patches 0.0272 121 27 137 35
patches 0.0272 91 0 106 5
patches 0.0272 190 94 200 108
patches 0.0272 170 191 179 200
patches 0.0272 0 184 5 198
patches 0.0271 0 8 11 14
patches 0.0270 189 58 200 64
patches 0.0270 0 18 11 24
patches 0.0270 1 0 38 23
patches 0.0270 13 194 28 200
patches 0.0270 0 3 15 50
patches 0.0269 54 170 61 186
patches 0.0269 193 3 200 13
patches 0.0269 193 160 200 169
patches 0.0268 150 55 170 61
patches 0.0268 192 85 199 138
patches 0.0268 26 193 36 200
patches 0.0268 0 13 6 23
patches 0.0268 71 0 78 10
patches 0.0268 190 142 200 147
patches 0.0268 43 0 59 4
patches 0.0268 44 0 52 8
patches 0.0268 61 61 76 68
patches 0.0268 0 128 11 134
patches 0.0267 35 26 49 34
patches 0.0267 0 38 5 52
patches 0.0267 149 104 168 111
patches 0.0267 66 0 95 2
patches 0.0267 193 180 200 189
patches 0.0267 36 122 53 129
patches 0.0266 196 116 199 142
patches 0.0266 0 71 12 77
patches 0.0266 65 186 87 199
patches 0.0265 190 12 200 18
patches 0.0265 34 142 52 148
patches 0.0265 75 0 81 10
patches 0.0265 184 192 192 199
patches 0.0265 41 182 59 199
patches 0.0264 20 0 36 8
patches 0.0264 41 0 48 10
patches 0.0263 175 0 181 10
patches 0.0263 190 8 200 14
patches 0.0262 40 157 49 170
patches 0.0261 193 46 200 56
patches 0.0260 53 192 102 200
patches 0.0260 97 0 114 12
patches 0.0260 180 182 200 199
patches 0.0260 0 84 5 99
patches 0.0259 193 143 200 152
patches 0.0259 79 25 98 31
patches 0.0259 48 88 70 94
patches 0.0259 57 196 81 200
patches 0.0258 47 0 55 8
patches 0.0258 193 66 200 76
patches 0.0258 194 50 200 65
patches 0.0257 149 104 166 118
patches 0.0257 189 82 200 88
patches 0.0257 31 2 83 34
patches 0.0257 190 65 200 71
patches 0.0256 187 192 195 200
patches 0.0256 182 0 194 9
patches 0.0256 78 190 84 199
patches 0.0256 0 97 5 112
patches 0.0256 23 98 41 105
patches 0.0256 74 44 89 52
patches 0.0255 55 11 76 17
patches 0.0255 37 188 45 199
patches 0.0255 155 0 161 11
patches 0.0255 57 124 65 137
patches 0.0255 190 38 200 44
patches 0.0255 193 72 200 82
patches 0.0255 75 191 82 200
patches 0.0254 21 47 38 55
patches 0.0254 0 77 4 92
patches 0.0254 57 0 65 7
patches 0.0254 61 8 68 24
patches 0.0254 196 159 199 186
patches 0.0254 112 52 134 58
patches 0.0254 44 88 52 103
patches 0.0253 158 0 164 10
patches 0.0253 0 7 4 22
patches 0.0253 46 0 62 8
patches 0.0253 47 89 55 103
patches 0.0252 190 137 200 151
patches 0.0252 129 1 147 8
patches 0.0252 175 0 189 9
patches 0.0252 171 0 177 11
patches 0.0251 0 29 3 58
patches 0.0251 21 185 28 198
patches 0.0251 53 0 70 4
patches 0.0250 186 97 200 121
patches 0.0250 9 193 19 200
patches 0.0250 94 65 112 72
patches 0.0250 16 112 27 123
patches 0.0250 49 147 69 154
patches 0.0250 189 165 200 171
patches 0.0250 55 62 71 77
patches 0.0249 0 5 10 11
patches 0.0249 190 61 200 67
patches 0.0249 154 191 162 200
patches 0.0249 0 65 11 77
patches 0.0248 0 124 9 139
patches 0.0248 155 193 166 200
patches 0.0248 143 108 163 114
patches 0.0248 0 185 16 191
patches 0.0248 0 0 3 23
patches 0.0247 0 173 11 200
patches 0.0247 69 178 84 200
patches 0.0247 102 195 120 200
patches 0.0246 160 8 177 14
patches 0.0246 186 10 200 24
patches 0.0246 193 132 200 142
patches 0.0245 47 192 55 199
patches 0.0245 0 22 5 36
patches 0.0245 56 46 67 56
patches 0.0245 100 188 109 198
patches 0.0244 190 54 200 68
patches 0.0244 61 59 69 76
patches 0.0244 30 194 46 199
patches 0.0244 193 43 200 52
patches 0.0244 98 185 105 198
patches 0.0243 54 85 76 91
patches 0.0243 150 191 166 200
patches 0.0243 193 63 200 73
patches 0.0243 5 0 11 10
patches 0.0243 0 24 8 32
patches 0.0243 164 191 180 200
patches 0.0242 27 0 34 10
patches 0.0242 190 71 200 85
patches 0.0242 56 34 77 41
patches 0.0242 193 36 200 46
patches 0.0242 66 192 76 200
patches 0.0241 0 29 6 39
patches 0.0241 26 101 45 108
patches 0.0241 195 108 200 121
patches 0.0241 54 0 61 10
patches 0.0241 193 139 200 149
patches 0.0241 190 158 200 172
patches 0.0240 104 165 113 177
patches 0.0240 96 174 116 180
patches 0.0240 0 168 11 174
patches 0.0240 52 178 87 200
patches 0.0240 34 0 41 10
patches 0.0240 153 171 171 178
patches 0.0239 21 0 28 10
patches 0.0239 58 17 72 25
patches 0.0239 55 45 75 51
patches 0.0239 148 191 155 200
patches 0.0239 83 38 102 44
patches 0.0239 138 13 151 23
patches 0.0239 143 0 153 6
patches 0.0239 107 0 125 17
patches 0.0239 55 15 77 21
patches 0.0238 55 191 62 199
patches 0.0238 3 190 12 199
patches 0.0238 56 125 73 138
patches 0.0238 0 107 7 116
patches 0.0237 132 194 143 200
patches 0.0237 98 145 119 152
patches 0.0237 190 61 200 76
patches 0.0236 196 87 199 113
patches 0.0236 17 181 26 195
patches 0.0236 103 189 112 199
patches 0.0236 107 196 133 200
patches 0.0235 0 155 3 179
patches 0.0235 0 62 11 67
patches 0.0235 140 179 160 185
patches 0.0235 189 85 200 91
patches 0.0235 10 184 28 191
patches 0.0235 149 118 169 124
patches 0.0235 0 177 9 185
patches 0.0235 25 25 51 43
patches 0.0234 36 0 53 9
patches 0.0234 68 189 74 199
patches 0.0234 31 78 48 85
patches 0.0233 146 121 164 128
patches 0.0233 148 103 161 112
patches 0.0233 190 35 200 48
patches 0.0233 182 127 200 134
patches 0.0233 191 186 198 198
patches 0.0233 0 52 11 57
patches 0.0233 168 192 175 200
patches 0.0233 87 191 95 200
patches 0.0232 0 137 10 151
patches 0.0232 41 90 56 104
patches 0.0232 146 157 163 164
patches 0.0232 110 0 128 8
patches 0.0231 189 111 199 118
patches 0.0231 19 192 29 200
patches 0.0231 24 14 37 48
patches 0.0231 149 138 168 144
patches 0.0231 181 0 200 18
patches 0.0230 174 191 182 200
patches 0.0230 195 73 200 89
patches 0.0230 7 54 25 61
patches 0.0230 39 17 57 46
patches 0.0230 20 196 46 199
patches 0.0230 61 0 76 11
patches 0.0230 112 0 130 5
patches 0.0230 77 28 95 34
patches 0.0230 83 0 100 8
patches 0.0229 139 186 157 199
patches 0.0229 156 104 173 119
patches 0.0229 14 114 22 130
patches 0.0229 189 125 200 131
patches 0.0229 0 103 6 113
patches 0.0229 137 191 145 200
patches 0.0229 74 0 89 9
patches 0.0229 186 38 200 51
patches 0.0228 189 121 200 135
patches 0.0228 129 0 147 5
patches 0.0228 0 12 15 17
patches 0.0228 80 85 100 91
patches 0.0228 34 124 42 138
patches 0.0227 13 186 30 199
patches 0.0227 30 0 39 8
patches 0.0227 160 95 179 101
patches 0.0227 127 5 146 11
patches 0.0227 137 18 155 24
patches 0.0227 189 168 200 174
patches 0.0227 56 177 70 200
patches 0.0227 44 185 51 197
patches 0.0226 190 101 200 107
patches 0.0226 64 60 71 77
patches 0.0226 37 164 55 170
patches 0.0226 16 112 34 118
patches 0.0226 190 145 200 151
patches 0.0226 0 117 5 126
patches 0.0226 161 191 168 200
patches 0.0225 73 191 90 200
patches 0.0225 182 32 200 123
patches 0.0225 52 81 74 87
patches 0.0225 161 0 175 5
patches 0.0225 70 168 89 174
patches 0.0225 92 0 98 11
patches 0.0225 163 193 173 200
patches 0.0225 0 108 5 122
patches 0.0225 190 155 200 161
patches 0.0225 136 52 154 58
patches 0.0224 151 154 158 167
patches 0.0224 186 44 199 59
patches 0.0224 112 195 130 200
patches 0.0224 195 154 200 168
patches 0.0224 69 151 88 158
patches 0.0224 79 45 97 51
patches 0.0224 59 60 70 69
patches 0.0223 38 160 54 174
patches 0.0223 189 173 200 200
patches 0.0223 0 146 6 156
patches 0.0223 193 23 200 32
patches 0.0223 62 81 80 87
patches 0.0223 47 181 65 199
patches 0.0223 43 60 53 70
patches 0.0222 143 71 161 78
patches 0.0222 159 92 179 98
patches 0.0222 0 108 10 121
patches 0.0222 143 194 154 200
patches 0.0222 80 191 97 199
patches 0.0222 0 122 16 127
patches 0.0221 111 92 129 98
patches 0.0221 0 58 11 64
patches 0.0221 190 158 200 164
patches 0.0221 57 91 75 97
patches 0.0221 11 115 18 131
patches 0.0221 76 5 94 11
patches 0.0221 65 171 83 178
patches 0.0221 153 107 169 122
patches 0.0220 50 145 69 151
patches 0.0220 148 0 154 11
patches 0.0220 11 98 25 106
patches 0.0220 0 0 7 28
patches 0.0220 34 138 52 144
patches 0.0219 108 0 115 11
patches 0.0219 0 177 5 192
patches 0.0219 170 191 186 199
patches 0.0219 39 119 49 132
patches 0.0219 121 191 128 200
patches 0.0218 159 108 180 114
patches 0.0218 193 123 200 133
patches 0.0218 56 88 75 94
patches 0.0218 72 165 92 171
patches 0.0218 3 124 22 131
patches 0.0218 39 191 56 199
patches 0.0218 59 79 78 84
patches 0.0217 96 0 112 5
patches 0.0217 0 138 4 151
patches 0.0217 0 162 11 167
patches 0.0217 0 21 9 28
patches 0.0217 176 175 193 181
patches 0.0217 190 105 200 111
patches 0.0217 173 108 192 114
patches 0.0217 0 65 12 71
patches 0.0217 115 158 136 164
patches 0.0217 124 191 132 200
patches 0.0216 0 145 11 150
patches 0.0216 105 98 124 104
patches 0.0216 0 130 6 139
patches 0.0216 92 165 113 171
patches 0.0216 139 194 150 200
patches 0.0216 0 163 5 173
patches 0.0216 52 100 64 109
patches 0.0216 150 155 168 161
patches 0.0216 190 25 200 31
patches 0.0215 176 193 186 200
patches 0.0215 157 188 165 199
patches 0.0215 94 8 112 14
patches 0.0215 143 58 162 64
patches 0.0215 143 0 159 8
patches 0.0215 190 21 200 35
patches 0.0215 135 118 157 124
patches 0.0215 36 15 46 33
patches 0.0215 189 108 200 121
patches 0.0214 152 115 172 120
patches 0.0214 112 28 133 34
patches 0.0214 136 48 155 55
patches 0.0214 193 136 200 146
patches 0.0214 151 185 157 200
patches 0.0214 24 2 69 25
patches 0.0214 71 145 78 159
patches 0.0214 0 148 12 154
patches 0.0214 145 83 162 98
patches 0.0214 149 58 169 64
patches 0.0214 190 131 199 144
patches 0.0213 124 113 138 122
patches 0.0213 34 190 50 199
patches 0.0213 63 68 82 75
patches 0.0213 58 144 70 153
patches 0.0213 95 0 138 17
patches 0.0213 113 24 121 38
patches 0.0213 54 64 73 71
patches 0.0213 88 194 100 200
patches 0.0213 8 0 14 10
patches 0.0213 40 191 49 200
patches 0.0213 195 161 200 174
patches 0.0213 24 90 31 104
patches 0.0213 59 145 79 151
patches 0.0212 150 103 158 118
patches 0.0212 15 180 26 189
patches 0.0212 141 88 156 95
patches 0.0212 103 0 119 9
patches 0.0212 57 125 74 132
patches 0.0212 22 95 43 101
patches 0.0212 168 92 191 98
patches 0.0212 16 0 34 4
patches 0.0211 190 178 200 184
patches 0.0211 66 170 82 186
patches 0.0211 0 111 11 117
patches 0.0211 127 191 135 200
patches 0.0211 25 0 43 5
patches 0.0211 0 39 11 44
patches 0.0211 190 35 200 41
patches 0.0211 173 62 190 68
patches 0.0211 145 190 151 200
patches 0.0211 197 24 199 50
patches 0.0211 140 175 157 189
patches 0.0211 49 178 68 184
patches 0.0211 0 6 5 16
patches 0.0211 164 1 181 7
patches 0.0210 160 48 178 54
patches 0.0210 110 191 118 200
patches 0.0210 193 146 200 156
patches 0.0210 136 11 156 17
patches 0.0210 141 190 147 200
patches 0.0209 0 126 6 136
patches 0.0209 0 4 9 19
patches 0.0209 0 158 12 164
patches 0.0209 90 25 107 31
patches 0.0209 23 90 39 105
patches 0.0209 149 68 167 74
patches 0.0209 136 184 156 190
patches 0.0209 22 185 41 191
patches 0.0209 89 0 107 17
patches 0.0209 84 190 91 199
patches 0.0208 8 117 16 132
patches 0.0208 190 148 200 154
patches 0.0208 31 16 50 21
patches 0.0208 147 88 169 94
patches 0.0208 86 35 106 41
patches 0.0208 136 5 152 11
patches 0.0208 106 55 127 61
patches 0.0208 179 103 200 116
patches 0.0207 138 10 151 19
patches 0.0207 156 105 175 111
patches 0.0207 170 105 190 110
patches 0.0207 78 87 85 103
patches 0.0207 65 191 72 200
patches 0.0207 3 188 20 195
patches 0.0207 0 68 14 81
patches 0.0207 10 118 29 124
patches 0.0207 0 46 2 74
patches 0.0206 70 48 90 54
patches 0.0206 166 61 184 68
patches 0.0206 51 172 59 186
patches 0.0206 190 121 200 128
patches 0.0206 193 153 200 162
patches 0.0206 95 58 116 64
patches 0.0205 151 102 173 107
patches 0.0205 170 0 186 4
patches 0.0205 0 155 12 160
patches 0.0205 191 116 200 160
patches 0.0205 40 59 60 65
patches 0.0205 193 150 200 159
patches 0.0204 0 65 5 78
patches 0.0204 15 94 34 107
patches 0.0204 138 47 145 62
patches 0.0204 182 123 193 133
patches 0.0204 186 177 200 192
patches 0.0204 37 31 54 37
patches 0.0204 160 52 179 57
patches 0.0204 193 62 200 114
patches 0.0204 93 165 112 179
patches 0.0204 62 85 81 91
patches 0.0204 176 88 195 94
patches 0.0204 139 172 159 177
patches 0.0204 23 191 69 199
patches 0.0204 0 161 9 175
patches 0.0203 119 181 138 187
patches 0.0203 3 0 31 2
patches 0.0203 31 75 49 81
patches 0.0203 115 54 133 68
patches 0.0203 0 30 9 45
patches 0.0203 193 56 200 66
patches 0.0203 60 11 75 25
patches 0.0203 152 0 157 11
patches 0.0203 82 65 103 71
patches 0.0203 79 87 91 95
patches 0.0203 79 41 99 48
patches 0.0203 91 0 124 11
patches 0.0203 147 45 164 51
patches 0.0203 0 28 16 35
patches 0.0202 2 18 21 24
patches 0.0202 171 99 187 116
patches 0.0202 101 58 108 75
patches 0.0202 127 155 145 162
patches 0.0202 0 45 14 58
patches 0.0202 66 195 83 200
patches 0.0202 189 115 200 121
patches 0.0202 52 186 74 199
patches 0.0202 38 160 45 173
patches 0.0202 173 111 192 117
patches 0.0201 160 170 174 179
patches 0.0201 73 98 91 104
patches 0.0201 0 115 11 120
patches 0.0201 0 55 10 60
patches 0.0201 35 24 50 40
patches 0.0201 39 98 57 104
patches 0.0201 190 118 200 124
patches 0.0201 179 108 200 115
patches 0.0201 107 0 123 5
patches 0.0201 106 190 123 199
patches 0.0201 190 151 200 157
patches 0.0201 189 164 200 178
patches 0.0201 143 74 162 80
patches 0.0201 135 46 141 63
patches 0.0200 0 35 10 40
patches 0.0200 160 45 178 51
patches 0.0200 0 57 4 72
patches 0.0200 34 91 41 106
patches 0.0200 28 190 34 199
patches 0.0200 132 151 144 161
patches 0.0200 0 83 6 92
patches 0.0200 123 108 142 114
patches 0.0200 6 155 16 166
crazing 0.4867 15 129 137 191
crazing 0.3401 8 39 153 124
crazing 0.2630 75 37 161 122
crazing 0.2524 7 68 90 179
crazing 0.2222 7 31 85 139
crazing 0.2070 38 143 171 195
crazing 0.2044 11 118 87 185
crazing 0.1661 83 59 147 111
crazing 0.1590 14 82 144 149
crazing 0.1579 42 112 158 185
crazing 0.1551 32 133 85 196
crazing 0.1462 80 1 190 33
crazing 0.1447 59 63 159 159
crazing 0.1305 132 4 199 58
crazing 0.1288 136 28 199 65
crazing 0.1281 94 66 187 110
crazing 0.1273 120 14 187 70
crazing 0.1264 6 115 71 163
crazing 0.1253 22 60 143 111
crazing 0.1249 87 11 179 111
crazing 0.1228 19 151 112 199
crazing 0.1217 3 126 31 195
crazing 0.1213 104 1 165 49
crazing 0.1206 125 30 184 94
crazing 0.1186 99 144 188 189
crazing 0.1183 0 35 62 89
crazing 0.1180 93 0 160 25
crazing 0.1180 70 5 135 58
crazing 0.1179 4 46 46 138
crazing 0.1174 3 145 56 196
crazing 0.1174 117 83 190 139
crazing 0.1162 79 2 156 84
crazing 0.1162 118 0 200 19
crazing 0.1162 42 29 143 101
crazing 0.1156 139 40 199 76
crazing 0.1150 1 38 117 89
crazing 0.1141 2 57 90 111
crazing 0.1138 103 29 162 97
crazing 0.1137 106 161 196 198
crazing 0.1134 4 99 41 187
crazing 0.1128 144 17 188 123
crazing 0.1126 0 66 28 103
crazing 0.1125 141 17 200 47
crazing 0.1123 65 1 144 23
crazing 0.1122 4 154 40 184
crazing 0.1114 138 94 199 158
crazing 0.1100 5 86 93 141
crazing 0.1090 1 116 33 150
crazing 0.1089 1 43 29 80
crazing 0.1085 71 23 133 77
crazing 0.1079 117 1 152 26
crazing 0.1077 104 117 197 163
crazing 0.1077 154 74 200 134
crazing 0.1077 2 140 21 199
crazing 0.1077 1 182 68 199
crazing 0.1075 79 145 147 194
crazing 0.1071 65 44 126 135
crazing 0.1065 151 0 200 41
crazing 0.1063 20 159 78 196
crazing 0.1061 44 2 149 34
crazing 0.1054 107 4 142 37
crazing 0.1042 131 81 197 120
crazing 0.1041 4 6 136 53
crazing 0.1037 98 70 166 152
crazing 0.1028 41 38 80 74
crazing 0.1028 5 79 45 110
crazing 0.1023 82 1 123 43
crazing 0.1023 117 111 194 145
crazing 0.1021 111 47 193 126
crazing 0.1016 1 169 42 198
crazing 0.1013 163 2 198 70
crazing 0.1013 137 54 195 94
crazing 0.1008 86 143 122 179
crazing 0.1002 79 78 146 137
crazing 0.0999 176 103 200 138
crazing 0.0996 81 60 114 92
crazing 0.0995 138 138 196 190
crazing 0.0994 43 116 82 144
crazing 0.0994 68 92 103 131
crazing 0.0994 20 142 60 172
crazing 0.0993 54 99 116 146
crazing 0.0992 155 41 200 104
crazing 0.0992 163 90 200 178
crazing 0.0989 36 140 76 175
crazing 0.0988 7 114 51 143
crazing 0.0986 112 134 148 166
crazing 0.0984 175 161 200 197
crazing 0.0984 97 66 136 107
crazing 0.0982 35 176 106 200
crazing 0.0980 102 151 144 177
crazing 0.0980 163 149 198 196
crazing 0.0978 132 153 166 188
crazing 0.0977 102 42 166 76
crazing 0.0977 129 0 171 34
crazing 0.0976 134 69 195 106
crazing 0.0972 3 59 43 91
crazing 0.0970 106 19 140 52
crazing 0.0967 64 61 104 93
crazing 0.0964 151 2 183 71
crazing 0.0961 169 119 198 153
crazing 0.0958 100 77 165 119
crazing 0.0955 24 118 61 145
crazing 0.0954 54 120 85 160
crazing 0.0954 36 122 78 154
crazing 0.0952 117 59 155 96
crazing 0.0950 45 63 79 102
crazing 0.0950 46 117 116 168
crazing 0.0948 141 183 200 199
crazing 0.0947 110 18 162 66
crazing 0.0944 60 100 91 136
crazing 0.0943 172 143 199 179
crazing 0.0941 56 19 146 46
crazing 0.0940 120 3 159 38
crazing 0.0939 1 103 19 190
crazing 0.0936 134 60 164 99
crazing 0.0935 159 12 196 154
crazing 0.0935 0 132 28 167
crazing 0.0929 16 175 80 198
crazing 0.0929 43 99 83 135
crazing 0.0925 84 20 122 52
crazing 0.0924 137 70 172 131
crazing 0.0922 93 59 127 93
crazing 0.0920 2 33 40 68
crazing 0.0917 51 27 91 59
crazing 0.0916 7 0 42 26
crazing 0.0913 4 68 67 130
crazing 0.0909 158 170 200 197
crazing 0.0908 0 27 28 62
crazing 0.0908 109 117 163 190
crazing 0.0907 12 149 51 176
crazing 0.0906 49 58 135 88
crazing 0.0906 110 116 147 150
crazing 0.0904 111 73 155 103
crazing 0.0903 1 157 29 194
crazing 0.0902 3 98 70 149
crazing 0.0901 84 100 179 176
crazing 0.0900 85 1 116 72
crazing 0.0899 4 139 41 173
crazing 0.0899 2 79 39 144
crazing 0.0899 42 53 76 84
crazing 0.0899 177 0 200 63
crazing 0.0895 123 176 164 199
crazing 0.0895 0 93 28 128
crazing 0.0894 12 122 57 151
crazing 0.0893 40 80 109 120
crazing 0.0892 33 57 67 92
crazing 0.0890 131 10 166 44
crazing 0.0882 8 131 49 166
crazing 0.0881 0 61 52 110
crazing 0.0881 101 48 140 81
crazing 0.0881 151 20 188 54
crazing 0.0880 144 45 181 79
crazing 0.0880 65 46 117 98
crazing 0.0878 125 124 161 161
crazing 0.0878 118 125 186 178
crazing 0.0878 17 157 47 198
crazing 0.0877 49 88 96 140
crazing 0.0875 142 5 182 37
crazing 0.0875 89 90 128 129
crazing 0.0875 21 142 54 158
crazing 0.0875 7 81 40 99
crazing 0.0874 52 60 86 93
crazing 0.0873 151 109 200 148
crazing 0.0871 125 142 160 166
crazing 0.0870 97 1 131 36
crazing 0.0870 92 163 128 197
crazing 0.0870 137 2 168 69
crazing 0.0870 85 119 120 154
crazing 0.0870 17 110 91 142
crazing 0.0870 35 45 68 79
crazing 0.0869 1 99 26 159
crazing 0.0868 59 94 139 132
crazing 0.0867 33 14 116 129
crazing 0.0867 123 18 159 52
crazing 0.0863 2 7 33 40
crazing 0.0863 102 56 139 96
crazing 0.0862 154 87 185 168
crazing 0.0861 74 88 112 119
crazing 0.0861 33 110 71 139
crazing 0.0858 46 47 77 66
crazing 0.0856 18 41 55 74
crazing 0.0855 42 31 109 81
crazing 0.0853 99 13 133 44
crazing 0.0852 74 52 110 83
crazing 0.0852 138 16 190 29
crazing 0.0851 29 122 63 161
crazing 0.0850 173 82 200 149
crazing 0.0850 166 28 200 86
crazing 0.0850 79 114 151 168
crazing 0.0848 0 0 28 27
crazing 0.0847 3 135 41 150
crazing 0.0846 61 32 142 63
crazing 0.0846 98 30 134 70
crazing 0.0846 74 9 123 22
crazing 0.0844 136 168 165 187
crazing 0.0843 59 158 135 197
crazing 0.0843 54 185 158 199
crazing 0.0841 95 184 198 200
crazing 0.0839 164 20 198 55
crazing 0.0839 153 124 198 182
crazing 0.0839 82 69 126 125
crazing 0.0838 171 156 199 170
crazing 0.0838 44 130 80 168
crazing 0.0837 60 8 116 88
crazing 0.0837 90 113 131 149
crazing 0.0837 51 84 142 114
crazing 0.0836 90 31 133 99
crazing 0.0836 130 22 168 37
crazing 0.0835 5 20 56 118
crazing 0.0833 44 54 107 113
crazing 0.0829 131 120 166 151
crazing 0.0828 2 75 38 90
crazing 0.0828 136 17 173 53
crazing 0.0827 70 2 110 32
crazing 0.0827 69 154 113 185
crazing 0.0826 155 23 198 36
crazing 0.0825 129 49 175 102
crazing 0.0825 18 156 61 185
crazing 0.0823 1 67 26 84
crazing 0.0822 14 0 62 7
crazing 0.0822 100 87 142 124
crazing 0.0820 11 80 90 118
crazing 0.0820 130 46 166 81
crazing 0.0819 37 151 77 188
crazing 0.0818 87 111 137 123
crazing 0.0818 150 56 187 119
crazing 0.0817 50 43 132 75
crazing 0.0817 25 46 82 95
crazing 0.0817 84 35 118 73
crazing 0.0816 109 96 148 131
crazing 0.0816 32 73 68 108
crazing 0.0816 66 9 107 63
crazing 0.0815 25 100 61 132
crazing 0.0815 3 142 43 156
crazing 0.0813 177 103 199 178
crazing 0.0813 3 86 34 106
crazing 0.0811 145 25 179 61
crazing 0.0810 48 160 86 195
crazing 0.0809 87 50 117 82
crazing 0.0809 85 135 118 168
crazing 0.0807 163 1 198 29
crazing 0.0806 0 55 23 121
crazing 0.0806 139 164 171 196
crazing 0.0804 95 29 174 62
crazing 0.0804 145 95 200 128
crazing 0.0804 60 66 133 105
crazing 0.0803 35 32 67 68
crazing 0.0802 118 144 159 193
crazing 0.0801 6 94 44 126
crazing 0.0801 142 92 172 112
crazing 0.0801 99 108 137 141
crazing 0.0799 144 81 182 112
crazing 0.0798 0 0 45 6
crazing 0.0798 102 143 147 156
crazing 0.0798 154 34 186 52
crazing 0.0798 55 66 83 85
crazing 0.0797 2 100 35 136
crazing 0.0797 149 152 190 184
crazing 0.0797 24 51 59 86
crazing 0.0797 123 79 154 144
crazing 0.0795 3 69 47 83
crazing 0.0794 141 28 166 111
crazing 0.0794 51 13 87 44
crazing 0.0792 5 169 43 183
crazing 0.0791 132 114 173 169
crazing 0.0790 69 94 104 112
crazing 0.0790 61 137 142 175
crazing 0.0786 157 137 199 167
crazing 0.0786 113 109 145 125
crazing 0.0785 74 173 119 197
crazing 0.0785 93 44 126 78
crazing 0.0785 158 34 200 61
crazing 0.0784 89 96 152 153
crazing 0.0783 140 52 172 90
crazing 0.0783 1 126 27 146
crazing 0.0782 168 167 197 185
crazing 0.0781 24 65 59 102
crazing 0.0781 69 137 107 169
crazing 0.0780 12 125 44 145
crazing 0.0780 149 164 187 199
crazing 0.0778 172 17 194 40
crazing 0.0777 95 137 138 165
crazing 0.0777 32 90 66 125
crazing 0.0777 83 98 119 139
crazing 0.0776 169 160 196 179
crazing 0.0776 1 61 26 78
crazing 0.0775 90 155 136 183
crazing 0.0775 2 182 34 199
crazing 0.0774 18 40 96 78
crazing 0.0774 125 150 160 178
crazing 0.0773 118 40 154 73
crazing 0.0773 57 86 94 122
crazing 0.0772 63 0 125 7
crazing 0.0772 92 114 128 131
crazing 0.0771 69 95 99 162
crazing 0.0770 79 0 117 23
crazing 0.0770 167 77 197 111
crazing 0.0768 141 22 184 36
crazing 0.0768 100 40 131 58
crazing 0.0767 104 137 169 171
crazing 0.0767 18 52 64 109
crazing 0.0767 120 68 152 85
crazing 0.0766 16 11 71 87
crazing 0.0766 83 184 130 196
crazing 0.0765 134 142 172 171
crazing 0.0762 97 91 176 128
crazing 0.0762 0 53 21 83
crazing 0.0761 120 32 151 52
crazing 0.0761 127 29 169 43
crazing 0.0761 17 133 52 151
crazing 0.0760 10 70 35 94
crazing 0.0758 63 22 100 54
crazing 0.0758 64 39 102 74
crazing 0.0757 21 1 54 18
crazing 0.0756 152 53 186 86
crazing 0.0756 10 152 35 174
crazing 0.0753 108 20 138 39
crazing 0.0752 135 0 193 6
crazing 0.0752 105 27 143 43
crazing 0.0752 58 130 93 165
crazing 0.0751 6 46 49 81
crazing 0.0751 129 129 171 142
crazing 0.0750 131 25 166 60
crazing 0.0749 1 27 24 46
crazing 0.0748 25 27 89 65
crazing 0.0747 154 28 181 111
crazing 0.0747 3 177 47 191
crazing 0.0746 148 1 175 21
crazing 0.0746 122 80 158 110
crazing 0.0745 161 15 178 46
crazing 0.0744 159 44 192 78
crazing 0.0743 1 138 24 158
crazing 0.0741 152 58 175 82
crazing 0.0741 6 149 38 165
crazing 0.0740 55 73 84 92
crazing 0.0739 137 120 167 193
crazing 0.0739 143 81 178 99
crazing 0.0737 153 121 188 151
crazing 0.0736 52 0 89 26
crazing 0.0736 138 33 173 67
crazing 0.0736 50 120 145 154
crazing 0.0736 156 14 194 30
crazing 0.0735 94 127 125 147
crazing 0.0735 60 54 94 85
crazing 0.0733 142 55 186 70
crazing 0.0733 1 153 26 173
crazing 0.0733 0 107 25 126
crazing 0.0731 0 80 25 99
crazing 0.0730 126 24 153 105
crazing 0.0730 5 13 49 79
crazing 0.0729 13 70 109 104
crazing 0.0728 50 35 92 50
crazing 0.0727 0 65 16 160
crazing 0.0727 16 1 32 26
crazing 0.0727 167 181 199 197
crazing 0.0726 76 27 113 61
crazing 0.0726 96 35 135 50
crazing 0.0724 46 0 96 7
crazing 0.0723 135 1 160 22
crazing 0.0723 11 165 33 188
crazing 0.0723 42 61 123 173
crazing 0.0722 142 64 180 101
crazing 0.0722 111 100 145 119
crazing 0.0721 141 61 171 78
crazing 0.0721 64 112 156 145
crazing 0.0720 75 17 126 29
crazing 0.0719 1 102 41 116
crazing 0.0717 86 2 109 28
crazing 0.0717 83 176 128 189
crazing 0.0717 45 143 115 187
crazing 0.0716 131 136 171 150
crazing 0.0716 150 17 174 41
crazing 0.0715 91 72 119 91
crazing 0.0715 121 109 155 139
crazing 0.0715 38 51 62 73
crazing 0.0714 149 156 194 169
crazing 0.0714 69 124 107 159
crazing 0.0714 7 34 37 52
crazing 0.0712 165 59 197 94
crazing 0.0712 42 134 72 152
crazing 0.0711 140 34 172 52
crazing 0.0710 80 79 122 110
crazing 0.0710 65 141 100 158
crazing 0.0709 101 119 134 138
crazing 0.0707 61 115 98 150
crazing 0.0706 59 7 93 37
crazing 0.0706 53 28 88 44
crazing 0.0706 176 52 200 122
crazing 0.0706 87 27 120 45
crazing 0.0706 108 160 147 197
crazing 0.0705 85 121 118 138
crazing 0.0704 171 25 194 49
crazing 0.0704 116 23 155 37
crazing 0.0702 0 29 24 95
crazing 0.0701 92 5 126 25
crazing 0.0699 47 40 78 58
crazing 0.0699 65 61 103 78
crazing 0.0698 149 169 192 183
crazing 0.0698 112 0 158 8
crazing 0.0697 119 168 153 186
crazing 0.0697 135 159 164 180
crazing 0.0696 25 60 62 77
crazing 0.0696 152 61 190 76
crazing 0.0695 87 69 109 94
crazing 0.0695 9 136 33 160
crazing 0.0693 165 175 200 191
crazing 0.0692 0 192 51 200
crazing 0.0692 75 110 113 146
crazing 0.0691 72 37 101 118
crazing 0.0691 47 80 76 100
crazing 0.0691 133 14 166 31
crazing 0.0691 115 61 157 77
crazing 0.0690 63 161 101 192
crazing 0.0690 142 29 183 43
crazing 0.0690 58 58 79 79
crazing 0.0690 149 122 188 137
crazing 0.0688 83 35 123 49
crazing 0.0687 63 59 75 100
crazing 0.0686 29 143 48 171
crazing 0.0685 69 1 96 20
crazing 0.0684 156 166 181 187
crazing 0.0684 126 106 149 128
crazing 0.0682 6 41 38 60
crazing 0.0682 16 138 42 160
crazing 0.0681 105 68 138 86
crazing 0.0681 60 9 106 23
crazing 0.0681 8 17 67 57
crazing 0.0681 161 27 191 46
crazing 0.0680 5 96 56 108
crazing 0.0680 159 119 182 140
crazing 0.0680 151 42 193 56
crazing 0.0680 15 86 56 114
crazing 0.0680 65 15 100 31
crazing 0.0679 58 65 87 146
crazing 0.0679 0 154 20 187
crazing 0.0678 116 103 157 117
crazing 0.0676 91 33 115 54
crazing 0.0676 115 12 146 32
crazing 0.0676 150 174 186 191
crazing 0.0675 117 42 158 57
crazing 0.0675 0 2 31 16
crazing 0.0675 30 98 55 120
crazing 0.0675 132 182 166 197
crazing 0.0674 152 161 186 178
crazing 0.0672 29 102 69 115
crazing 0.0672 130 16 154 40
crazing 0.0671 50 30 76 55
crazing 0.0671 85 30 115 104
crazing 0.0669 83 153 114 174
crazing 0.0669 170 62 200 77
crazing 0.0668 170 13 183 54
crazing 0.0668 107 92 144 110
crazing 0.0668 52 62 74 88
crazing 0.0666 84 136 123 151
crazing 0.0665 104 150 151 164
crazing 0.0665 0 140 19 174
crazing 0.0665 47 100 77 118
crazing 0.0665 161 192 200 200
crazing 0.0665 36 80 65 100
crazing 0.0665 1 40 25 60
crazing 0.0664 122 114 153 175
crazing 0.0664 174 147 198 167
crazing 0.0663 69 119 104 137
crazing 0.0663 93 15 127 34
crazing 0.0663 157 74 199 102
crazing 0.0663 76 23 125 35
crazing 0.0662 123 54 153 121
crazing 0.0662 113 48 144 66
crazing 0.0662 127 111 145 138
crazing 0.0662 7 160 38 178
crazing 0.0661 35 117 81 131
crazing 0.0661 0 21 18 53
crazing 0.0661 171 10 195 32
crazing 0.0661 62 101 91 119
crazing 0.0661 46 94 77 166
crazing 0.0660 170 142 198 157
crazing 0.0660 156 13 169 52
crazing 0.0659 127 99 161 132
crazing 0.0659 1 148 24 165
crazing 0.0659 142 88 182 103
crazing 0.0659 56 113 89 143
crazing 0.0658 161 53 192 71
crazing 0.0658 62 68 109 83
crazing 0.0658 19 62 39 90
crazing 0.0657 70 65 101 142
crazing 0.0657 139 154 168 172
crazing 0.0657 0 133 8 190
crazing 0.0656 56 32 69 74
crazing 0.0656 46 60 74 78
crazing 0.0655 56 150 92 188
crazing 0.0655 65 89 109 103
crazing 0.0654 157 45 169 90
crazing 0.0654 43 83 78 117
crazing 0.0654 154 46 186 66
crazing 0.0653 39 56 79 71
crazing 0.0653 6 16 38 54
crazing 0.0653 93 22 113 51
crazing 0.0653 50 52 73 75
crazing 0.0652 56 6 180 63
crazing 0.0651 116 55 155 70
crazing 0.0651 149 0 190 26
crazing 0.0651 170 70 200 84
crazing 0.0651 71 64 97 88
crazing 0.0651 143 84 166 105
crazing 0.0650 69 131 96 154
crazing 0.0650 152 30 175 55
crazing 0.0650 0 93 27 111
crazing 0.0649 105 115 145 129
crazing 0.0649 0 63 8 114
crazing 0.0648 120 42 137 71
crazing 0.0648 86 0 134 8
crazing 0.0647 122 24 147 46
crazing 0.0647 134 123 174 135
crazing 0.0647 1 174 24 194
crazing 0.0646 115 119 144 139
crazing 0.0646 100 48 133 66
crazing 0.0645 43 73 70 92
crazing 0.0645 34 122 67 138
crazing 0.0645 177 19 190 63
crazing 0.0645 92 141 123 157
crazing 0.0644 86 121 166 155
crazing 0.0644 143 15 156 60
crazing 0.0644 84 157 115 200
crazing 0.0644 136 29 150 72
crazing 0.0644 31 69 69 84
crazing 0.0644 0 100 25 118
crazing 0.0644 146 168 175 185
crazing 0.0643 39 112 58 137
crazing 0.0640 181 155 197 184
crazing 0.0640 162 75 193 91
crazing 0.0639 20 175 57 193
crazing 0.0639 78 4 102 29
crazing 0.0639 41 19 81 50
crazing 0.0638 38 122 59 151
crazing 0.0637 10 94 47 156
crazing 0.0636 31 3 98 44
crazing 0.0636 8 61 48 79
crazing 0.0635 162 104 194 138
crazing 0.0635 52 61 87 76
crazing 0.0635 123 90 147 113
crazing 0.0635 29 41 57 59
crazing 0.0635 56 141 82 160
crazing 0.0635 1 33 25 52
crazing 0.0634 2 109 39 123
crazing 0.0633 32 114 54 134
crazing 0.0633 13 22 48 60
crazing 0.0633 1 55 28 72
crazing 0.0633 144 23 168 47
crazing 0.0633 128 62 146 94
crazing 0.0633 101 5 120 38
crazing 0.0632 73 20 106 37
crazing 0.0631 148 27 165 60
crazing 0.0631 115 54 131 103
crazing 0.0631 25 135 65 150
crazing 0.0631 99 183 134 199
crazing 0.0631 107 11 144 78
crazing 0.0630 144 50 168 74
crazing 0.0630 146 128 181 157
crazing 0.0630 93 156 143 172
crazing 0.0629 44 28 64 42
crazing 0.0629 66 28 86 58
crazing 0.0628 58 48 99 63
crazing 0.0628 156 179 183 200
crazing 0.0628 3 1 49 46
crazing 0.0628 21 80 51 100
crazing 0.0628 100 174 143 196
crazing 0.0626 181 139 197 174
crazing 0.0626 177 51 199 74
crazing 0.0626 178 114 198 133
crazing 0.0626 66 73 101 108
crazing 0.0626 72 97 95 125
crazing 0.0625 117 52 140 74
crazing 0.0625 125 97 148 121
crazing 0.0624 133 65 156 90
crazing 0.0624 128 154 156 170
crazing 0.0624 145 156 167 184
crazing 0.0624 17 147 43 168
crazing 0.0624 131 38 155 61
crazing 0.0624 98 36 120 62
crazing 0.0623 73 26 106 45
crazing 0.0623 31 123 44 167
crazing 0.0622 73 135 107 152
crazing 0.0622 111 36 135 62
crazing 0.0621 96 125 136 156
crazing 0.0621 86 133 110 154
crazing 0.0620 55 54 83 73
crazing 0.0620 34 146 58 170
crazing 0.0620 169 107 197 128
crazing 0.0619 68 74 98 92
crazing 0.0619 86 105 118 125
crazing 0.0618 177 73 199 94
crazing 0.0618 167 89 197 129
crazing 0.0618 182 21 197 55
crazing 0.0617 137 30 161 55
crazing 0.0617 119 157 150 178
crazing 0.0617 142 3 168 27
crazing 0.0617 138 9 190 23
crazing 0.0616 136 42 176 56
crazing 0.0615 52 22 90 37
crazing 0.0614 42 57 57 96
crazing 0.0613 90 19 118 40
crazing 0.0612 60 127 100 143
crazing 0.0612 73 136 92 166
crazing 0.0612 29 95 67 109
crazing 0.0610 1 167 25 187
crazing 0.0610 182 20 200 106
crazing 0.0609 150 43 175 68
crazing 0.0609 164 80 192 100
crazing 0.0609 47 109 80 126
crazing 0.0608 0 20 24 39
crazing 0.0608 79 98 104 122
crazing 0.0606 120 175 156 191
crazing 0.0606 43 141 73 160
crazing 0.0606 130 176 167 189
crazing 0.0606 55 40 92 107
crazing 0.0605 164 57 188 80
crazing 0.0605 119 193 173 199
crazing 0.0604 77 60 89 104
crazing 0.0604 91 124 114 150
crazing 0.0604 35 2 127 19
crazing 0.0603 177 1 199 21
crazing 0.0603 20 47 51 66
crazing 0.0603 130 46 156 68
crazing 0.0603 133 1 152 30
crazing 0.0602 136 113 172 142
crazing 0.0599 125 2 146 22
crazing 0.0599 40 71 78 138
crazing 0.0598 129 7 169 23
crazing 0.0598 6 90 57 104
crazing 0.0597 181 60 198 95
crazing 0.0597 85 148 121 164
crazing 0.0597 47 50 72 129
crazing 0.0596 115 153 145 173
crazing 0.0596 158 38 182 61
crazing 0.0596 164 115 177 157
crazing 0.0596 60 29 79 58
crazing 0.0596 25 117 62 131
crazing 0.0595 140 12 158 44
crazing 0.0595 159 67 192 85
crazing 0.0594 38 171 75 197
crazing 0.0592 95 0 138 17
crazing 0.0592 139 2 187 16
crazing 0.0591 144 68 183 84
crazing 0.0591 110 107 123 149
crazing 0.0590 157 151 180 173
crazing 0.0590 144 38 168 62
crazing 0.0590 61 2 105 15
crazing 0.0590 82 80 114 99
crazing 0.0590 126 42 145 72
crazing 0.0590 0 14 26 32
crazing 0.0589 33 0 66 18
crazing 0.0589 103 104 130 127
crazing 0.0587 26 74 56 91
crazing 0.0587 147 86 164 118
crazing 0.0586 88 68 119 83
crazing 0.0586 27 109 57 126
crazing 0.0586 67 63 84 95
crazing 0.0584 0 108 20 140
crazing 0.0584 72 42 95 68
crazing 0.0584 67 54 101 72
crazing 0.0583 134 20 151 50
crazing 0.0583 13 142 31 172
crazing 0.0583 1 114 25 132
crazing 0.0583 152 87 190 119
crazing 0.0582 118 74 152 93
crazing 0.0582 57 136 97 150
crazing 0.0581 108 158 135 181
crazing 0.0581 111 136 148 150
crazing 0.0580 107 182 152 197
crazing 0.0579 153 8 171 37
crazing 0.0579 9 27 37 44
crazing 0.0579 124 56 148 80
crazing 0.0578 13 36 52 50
crazing 0.0578 116 161 140 188
crazing 0.0578 63 31 76 74
crazing 0.0577 171 66 183 113
crazing 0.0576 58 42 99 56
crazing 0.0575 9 19 38 38
crazing 0.0575 36 122 50 166
crazing 0.0575 150 152 173 175
crazing 0.0574 62 96 78 129
crazing 0.0574 56 132 82 153
crazing 0.0574 130 26 143 65
crazing 0.0574 65 91 88 114
crazing 0.0573 91 192 142 199
crazing 0.0572 0 73 17 91
crazing 0.0572 100 106 118 138
crazing 0.0572 61 0 78 24
crazing 0.0572 139 57 160 82
crazing 0.0571 127 110 162 124
crazing 0.0571 2 65 17 106
crazing 0.0571 76 129 114 144
crazing 0.0571 10 122 54 138
crazing 0.0570 177 80 198 104
crazing 0.0570 121 125 151 145
crazing 0.0569 77 104 101 129
crazing 0.0569 119 2 157 17
crazing 0.0569 104 29 128 54
crazing 0.0568 177 124 199 146
crazing 0.0568 121 48 163 63
crazing 0.0568 174 61 192 93
crazing 0.0567 19 176 40 199
crazing 0.0566 25 164 51 189
crazing 0.0566 76 15 89 54
crazing 0.0566 98 118 121 141
crazing 0.0565 92 180 117 198
crazing 0.0565 146 128 178 145
crazing 0.0565 78 139 105 161
crazing 0.0564 120 121 156 136
crazing 0.0564 51 94 83 111
crazing 0.0564 107 2 126 33
crazing 0.0563 152 175 171 199
crazing 0.0562 90 109 115 133
crazing 0.0562 61 13 79 43
crazing 0.0562 14 103 57 115
crazing 0.0562 19 128 39 155
crazing 0.0562 153 83 171 111
crazing 0.0561 58 43 81 69
crazing 0.0561 101 140 129 159
crazing 0.0561 162 35 200 50
crazing 0.0561 169 8 200 24
crazing 0.0560 103 74 131 93
crazing 0.0560 73 34 106 52
crazing 0.0560 36 51 50 89
crazing 0.0559 90 22 103 61
crazing 0.0559 137 133 163 155
crazing 0.0558 110 140 138 161
crazing 0.0558 0 4 20 73
crazing 0.0558 70 147 109 163
crazing 0.0557 91 0 117 17
crazing 0.0557 123 94 161 110
crazing 0.0556 99 127 118 157
crazing 0.0556 181 5 198 37
crazing 0.0556 148 123 165 152
crazing 0.0556 102 147 130 168
crazing 0.0555 105 151 125 177
crazing 0.0555 149 12 163 51
crazing 0.0554 69 14 84 51
crazing 0.0554 30 111 74 123
crazing 0.0554 0 8 19 40
crazing 0.0552 162 47 178 78
crazing 0.0552 126 116 164 130
crazing 0.0552 113 90 132 123
crazing 0.0551 45 123 71 146
crazing 0.0551 158 86 183 108
crazing 0.0551 33 49 67 65
crazing 0.0551 101 60 142 77
crazing 0.0551 114 2 134 31
crazing 0.0550 0 79 19 113
crazing 0.0550 38 0 73 26
crazing 0.0550 180 173 198 200
crazing 0.0548 120 85 148 105
crazing 0.0548 141 34 159 66
crazing 0.0548 34 120 52 142
crazing 0.0546 135 101 164 119
crazing 0.0546 163 121 193 138
crazing 0.0545 13 176 31 197
crazing 0.0545 47 0 80 18
crazing 0.0544 113 144 135 170
crazing 0.0544 51 15 89 29
crazing 0.0544 145 73 178 92
crazing 0.0544 27 59 46 90
crazing 0.0544 108 91 143 158
crazing 0.0544 90 5 103 44
crazing 0.0543 43 8 80 38
crazing 0.0543 119 130 142 153
crazing 0.0542 158 62 181 88
crazing 0.0542 167 151 190 172
crazing 0.0542 52 178 87 200
crazing 0.0542 103 19 118 57
crazing 0.0542 152 148 188 162
crazing 0.0542 75 75 113 89
crazing 0.0542 143 81 157 123
crazing 0.0541 92 85 131 113
crazing 0.0541 82 62 114 78
crazing 0.0540 77 183 116 199
crazing 0.0540 131 147 154 164
crazing 0.0540 164 20 175 62
crazing 0.0540 12 43 51 57
crazing 0.0539 79 163 121 178
crazing 0.0539 106 7 144 24
crazing 0.0537 103 112 115 156
crazing 0.0536 115 19 130 58
crazing 0.0536 104 124 130 149
crazing 0.0535 0 46 17 65
crazing 0.0535 75 55 92 86
crazing 0.0534 26 14 61 70
crazing 0.0534 67 106 86 134
crazing 0.0533 130 87 155 115
crazing 0.0533 12 52 48 72
crazing 0.0532 165 126 191 148
crazing 0.0532 80 39 110 58
crazing 0.0532 95 135 138 151
crazing 0.0531 122 101 139 130
crazing 0.0531 87 97 111 119
crazing 0.0530 168 7 186 37
crazing 0.0529 12 80 32 109
crazing 0.0529 28 181 62 198
crazing 0.0529 76 123 102 147
crazing 0.0528 15 68 30 101
crazing 0.0528 84 164 113 185
crazing 0.0528 141 70 160 97
crazing 0.0527 166 0 200 7
crazing 0.0526 77 113 109 132
crazing 0.0526 20 151 38 178
crazing 0.0525 13 157 31 182
crazing 0.0525 19 97 40 124
crazing 0.0525 73 84 96 108
crazing 0.0525 35 10 78 74
crazing 0.0525 129 91 143 130
crazing 0.0525 140 122 159 151
crazing 0.0524 45 28 71 92
crazing 0.0523 84 117 108 140
crazing 0.0523 19 7 58 48
crazing 0.0523 0 15 7 70
crazing 0.0523 77 84 89 130
crazing 0.0522 7 61 24 94
crazing 0.0522 30 173 44 200
crazing 0.0522 0 135 23 150
crazing 0.0522 88 144 107 177
crazing 0.0521 137 52 150 97
crazing 0.0521 136 125 149 168
crazing 0.0520 170 172 184 200
crazing 0.0520 31 167 64 187
crazing 0.0519 56 58 70 98
crazing 0.0519 116 37 130 78
crazing 0.0519 8 93 37 110
crazing 0.0519 74 28 92 58
crazing 0.0518 142 119 168 138
crazing 0.0517 8 70 24 110
crazing 0.0517 89 47 116 68
crazing 0.0516 102 54 141 69
crazing 0.0516 16 31 29 73
crazing 0.0515 35 87 64 106
crazing 0.0515 45 51 63 66
crazing 0.0514 8 114 40 133
crazing 0.0514 136 48 175 63
crazing 0.0513 69 144 99 200
crazing 0.0513 100 160 127 180
crazing 0.0512 145 64 166 92
crazing 0.0512 90 109 103 156
crazing 0.0511 96 173 111 197
crazing 0.0511 11 129 31 153
crazing 0.0509 24 78 64 142
crazing 0.0508 162 173 176 200
crazing 0.0508 33 172 58 196
crazing 0.0508 162 114 193 131
crazing 0.0508 0 48 8 96
crazing 0.0508 59 11 81 33
crazing 0.0507 170 42 200 57
crazing 0.0507 154 123 172 153
crazing 0.0507 24 157 52 178
crazing 0.0506 177 69 190 112
crazing 0.0506 132 53 165 72
crazing 0.0504 22 1 38 25
crazing 0.0504 64 39 89 61
crazing 0.0504 69 169 116 183
crazing 0.0504 82 127 99 158
crazing 0.0504 66 119 99 181
crazing 0.0503 22 131 36 175
crazing 0.0502 174 183 192 199
crazing 0.0502 161 154 177 184
crazing 0.0502 23 155 36 191
crazing 0.0501 122 53 136 92
crazing 0.0501 47 192 93 200
crazing 0.0500 63 46 75 86
crazing 0.0500 13 12 34 34
crazing 0.0499 80 155 100 184
crazing 0.0499 137 81 160 98
crazing 0.0498 109 12 123 47
crazing 0.0497 53 151 81 173
crazing 0.0497 39 63 61 88
crazing 0.0497 171 43 194 69
crazing 0.0496 60 80 89 98
crazing 0.0496 45 86 75 105
crazing 0.0496 70 92 83 140
crazing 0.0496 42 91 57 128
crazing 0.0496 83 4 97 38
crazing 0.0495 74 8 91 38
crazing 0.0495 139 192 190 200
crazing 0.0494 79 42 103 69
crazing 0.0494 12 96 32 125
crazing 0.0494 120 145 142 167
crazing 0.0493 89 171 103 200
crazing 0.0493 80 16 99 44
crazing 0.0492 41 33 69 51
crazing 0.0492 55 94 72 125
crazing 0.0491 122 111 139 139
crazing 0.0490 82 22 96 61
crazing 0.0489 79 170 96 186
crazing 0.0489 0 160 17 178
crazing 0.0488 175 118 195 141
crazing 0.0488 68 153 99 172
crazing 0.0488 2 122 28 139
crazing 0.0488 122 142 149 160
crazing 0.0487 63 50 89 74
crazing 0.0487 65 134 84 164
crazing 0.0486 46 39 66 72
crazing 0.0486 0 81 7 134
crazing 0.0485 170 53 183 91
crazing 0.0485 94 4 113 36
crazing 0.0485 133 142 169 158
crazing 0.0484 46 110 66 138
crazing 0.0484 116 73 140 99
crazing 0.0484 84 134 97 176
crazing 0.0484 40 159 71 180
crazing 0.0483 171 135 199 151
crazing 0.0482 155 147 170 185
crazing 0.0482 133 76 166 92
crazing 0.0481 132 55 195 181
crazing 0.0481 12 0 36 12
crazing 0.0481 39 140 62 164
crazing 0.0481 91 167 126 182
crazing 0.0481 106 147 124 162
crazing 0.0481 92 96 124 117
crazing 0.0480 176 171 191 198
crazing 0.0480 135 68 166 84
crazing 0.0479 20 89 40 112
crazing 0.0479 42 54 59 69
crazing 0.0479 136 83 151 123
crazing 0.0479 34 103 52 132
crazing 0.0478 163 58 176 101
crazing 0.0477 103 165 136 185
crazing 0.0477 71 48 110 64
crazing 0.0477 80 90 122 105
crazing 0.0477 103 32 116 79
crazing 0.0476 146 9 165 37
crazing 0.0476 69 33 83 73
crazing 0.0475 105 129 144 144
crazing 0.0475 154 61 171 94
crazing 0.0475 143 125 156 167
crazing 0.0474 58 87 91 105
crazing 0.0474 164 48 200 64
crazing 0.0474 121 25 138 59
crazing 0.0473 23 191 69 199
crazing 0.0472 95 117 132 178
crazing 0.0472 17 117 41 141
crazing 0.0472 94 114 111 146
crazing 0.0472 128 156 145 190
crazing 0.0472 151 0 175 13
crazing 0.0471 107 31 125 66
crazing 0.0471 2 34 20 68
crazing 0.0471 57 0 82 12
crazing 0.0470 50 25 66 39
crazing 0.0470 84 59 97 101
crazing 0.0469 168 184 186 200
crazing 0.0469 109 135 123 171
crazing 0.0468 150 128 163 168
crazing 0.0468 162 76 178 107
crazing 0.0467 28 122 47 148
crazing 0.0467 141 177 160 199
crazing 0.0466 182 121 200 137
crazing 0.0466 67 0 85 25
crazing 0.0465 95 37 111 69
crazing 0.0465 143 51 156 102
crazing 0.0465 168 29 185 60
crazing 0.0465 47 146 78 165
crazing 0.0465 66 82 104 96
crazing 0.0465 0 109 7 158
crazing 0.0463 9 96 23 132
crazing 0.0462 176 151 192 189
crazing 0.0461 170 149 184 189
crazing 0.0461 177 6 190 43
crazing 0.0460 129 175 144 200
crazing 0.0460 80 0 118 10
crazing 0.0460 11 187 36 199
crazing 0.0459 180 29 200 43
crazing 0.0459 184 66 196 112
crazing 0.0459 192 124 199 182
crazing 0.0458 74 78 94 100
crazing 0.0458 154 135 185 161
crazing 0.0458 0 0 23 8
crazing 0.0458 133 122 151 151
crazing 0.0457 101 92 128 120
crazing 0.0456 2 48 29 65
crazing 0.0455 32 77 54 104
crazing 0.0454 35 67 52 99
crazing 0.0454 15 106 43 128
crazing 0.0454 50 63 64 108
crazing 0.0453 94 64 113 100
crazing 0.0453 149 142 163 177
crazing 0.0453 0 87 16 105
crazing 0.0452 61 110 93 127
crazing 0.0452 148 173 164 198
crazing 0.0452 153 94 191 110
crazing 0.0451 114 111 134 139
crazing 0.0451 123 0 148 13
crazing 0.0451 93 94 112 129
crazing 0.0450 134 49 152 79
crazing 0.0450 78 149 104 175
crazing 0.0450 59 146 89 164
crazing 0.0449 93 61 126 77
crazing 0.0448 103 79 133 102
crazing 0.0448 170 113 183 160
crazing 0.0447 19 31 41 54
crazing 0.0447 68 162 100 180
crazing 0.0447 120 11 138 42
crazing 0.0447 150 51 162 101
crazing 0.0446 123 174 137 199
crazing 0.0445 93 137 111 163
crazing 0.0444 140 107 171 126
crazing 0.0443 142 3 155 36
crazing 0.0443 37 105 61 128
crazing 0.0443 32 45 54 68
crazing 0.0443 175 2 192 28
crazing 0.0443 127 126 145 160
crazing 0.0441 7 8 55 34
crazing 0.0440 0 164 13 189
crazing 0.0440 160 3 178 31
crazing 0.0440 148 100 180 119
crazing 0.0439 60 74 77 105
crazing 0.0439 9 15 44 30
crazing 0.0439 121 3 140 29
crazing 0.0439 90 153 105 185
crazing 0.0439 99 61 119 90
crazing 0.0438 150 144 174 167
crazing 0.0437 134 152 152 185
crazing 0.0436 82 55 101 83
crazing 0.0435 95 78 114 91
crazing 0.0435 31 0 56 13
crazing 0.0435 126 12 145 42
crazing 0.0434 0 0 7 52
crazing 0.0434 0 77 14 101
crazing 0.0434 9 44 35 68
crazing 0.0433 87 86 113 109
crazing 0.0432 29 161 66 176
crazing 0.0431 23 75 37 110
crazing 0.0431 113 148 130 162
crazing 0.0430 70 0 96 12
crazing 0.0430 168 47 185 77
crazing 0.0430 176 101 199 117
crazing 0.0429 72 117 91 149
crazing 0.0429 22 92 52 110
crazing 0.0429 170 33 183 74
crazing 0.0429 44 10 84 23
crazing 0.0429 91 65 104 104
crazing 0.0429 16 147 33 162
crazing 0.0428 49 52 64 92
crazing 0.0427 102 135 116 169
crazing 0.0426 156 0 169 28
crazing 0.0425 32 0 67 9
crazing 0.0424 8 4 25 32
crazing 0.0424 109 58 124 100
crazing 0.0424 42 124 57 168
crazing 0.0423 39 148 58 163
crazing 0.0423 129 116 143 150
crazing 0.0423 183 71 199 86
crazing 0.0423 10 51 31 81
crazing 0.0422 129 49 143 85
crazing 0.0422 137 0 172 10
crazing 0.0421 53 126 84 143
crazing 0.0421 136 174 151 199
crazing 0.0420 40 40 59 71
crazing 0.0420 97 52 120 76
crazing 0.0419 142 104 179 134
crazing 0.0419 98 144 119 173
crazing 0.0419 180 90 200 127
crazing 0.0419 183 108 200 126
crazing 0.0419 58 11 86 67
crazing 0.0418 178 23 200 37
crazing 0.0418 141 160 160 190
crazing 0.0418 103 188 128 199
crazing 0.0418 76 140 90 182
crazing 0.0417 65 181 96 198
crazing 0.0417 65 117 85 147
crazing 0.0416 140 115 180 130
crazing 0.0414 11 170 26 187
crazing 0.0414 186 151 200 174
crazing 0.0413 168 0 186 24
crazing 0.0412 30 96 44 128
crazing 0.0412 157 32 170 73
crazing 0.0411 49 91 63 130
crazing 0.0411 177 16 200 30
crazing 0.0411 13 2 81 32
crazing 0.0410 142 148 157 185
crazing 0.0410 29 36 60 50
crazing 0.0410 52 162 83 180
crazing 0.0410 64 148 86 177
crazing 0.0409 0 0 18 18
crazing 0.0409 80 56 114 72
crazing 0.0409 106 175 126 197
crazing 0.0408 191 116 200 160
crazing 0.0408 0 124 16 147
crazing 0.0408 182 167 200 185
crazing 0.0407 17 5 29 41
crazing 0.0407 7 126 25 158
crazing 0.0407 157 87 169 125
crazing 0.0406 0 38 14 62
crazing 0.0406 188 114 199 144
crazing 0.0406 47 29 65 58
crazing 0.0405 102 173 117 197
crazing 0.0404 8 136 24 179
crazing 0.0402 192 149 199 197
crazing 0.0402 133 109 152 135
crazing 0.0402 123 117 137 152
crazing 0.0402 82 93 97 129
crazing 0.0401 95 184 112 199
crazing 0.0401 149 0 162 29
crazing 0.0400 12 116 29 132
crazing 0.0399 150 40 163 79
crazing 0.0399 0 18 13 40
crazing 0.0399 115 119 133 151
crazing 0.0398 79 77 103 100
crazing 0.0397 50 0 62 31
crazing 0.0396 53 20 72 51
crazing 0.0396 45 95 67 120
crazing 0.0396 69 2 83 38
crazing 0.0396 45 184 64 199
crazing 0.0395 0 161 8 200
crazing 0.0395 179 163 200 177
crazing 0.0395 182 35 197 68
crazing 0.0394 56 131 71 169
crazing 0.0393 1 57 16 74
crazing 0.0392 93 158 116 180
crazing 0.0392 42 46 56 82
crazing 0.0392 28 110 47 136
crazing 0.0392 0 8 21 23
crazing 0.0389 6 181 24 195
crazing 0.0389 186 137 200 161
crazing 0.0388 148 142 180 158
crazing 0.0388 27 76 46 107
crazing 0.0387 152 162 170 190
crazing 0.0387 105 55 126 84
crazing 0.0387 40 151 69 174
crazing 0.0387 82 78 100 93
crazing 0.0387 28 0 45 17
crazing 0.0386 96 118 114 133
crazing 0.0385 177 111 191 154
crazing 0.0385 60 124 78 158
crazing 0.0385 54 111 76 138
crazing 0.0383 77 41 90 81
crazing 0.0382 23 41 36 81
crazing 0.0382 3 91 16 136
crazing 0.0382 65 192 119 200
crazing 0.0381 132 187 156 200
crazing 0.0380 79 113 97 143
crazing 0.0380 0 179 16 196
crazing 0.0380 49 127 66 161
crazing 0.0379 169 92 195 112
crazing 0.0379 43 71 57 108
crazing 0.0379 98 28 120 41
crazing 0.0378 132 111 150 126
crazing 0.0378 34 88 53 114
crazing 0.0378 133 69 150 85
crazing 0.0376 42 48 60 62
crazing 0.0376 68 115 98 132
crazing 0.0376 23 155 38 169
crazing 0.0374 101 184 118 199
crazing 0.0374 77 1 89 30
crazing 0.0373 87 190 121 199
crazing 0.0372 62 41 81 56
crazing 0.0371 0 97 17 113
crazing 0.0371 143 40 157 79
crazing 0.0371 103 0 129 13
crazing 0.0370 55 0 72 25
crazing 0.0370 114 183 131 199
crazing 0.0370 65 61 83 75
crazing 0.0369 44 0 69 12
crazing 0.0369 15 28 48 43
crazing 0.0367 8 163 25 200
crazing 0.0367 182 112 198 148
crazing 0.0367 46 80 65 109
crazing 0.0366 31 12 74 47
crazing 0.0366 81 173 96 198
crazing 0.0366 113 3 130 18
crazing 0.0365 0 189 26 199
crazing 0.0364 122 156 137 194
crazing 0.0363 62 3 76 36
crazing 0.0362 106 33 123 48
crazing 0.0361 116 173 130 198
crazing 0.0360 63 166 86 190
crazing 0.0360 69 7 87 22
crazing 0.0359 53 73 71 106
crazing 0.0359 28 1 57 29
crazing 0.0359 171 0 195 14
crazing 0.0358 193 1 200 53
crazing 0.0358 164 80 176 123
crazing 0.0355 15 10 51 24
crazing 0.0355 15 122 33 136
crazing 0.0355 20 142 36 155
crazing 0.0354 36 181 50 200
crazing 0.0353 159 143 181 164
crazing 0.0353 138 141 157 154
crazing 0.0352 24 187 50 200
crazing 0.0352 88 40 107 75
crazing 0.0352 160 101 195 117
crazing 0.0352 30 171 45 186
crazing 0.0352 0 63 12 92
crazing 0.0351 132 167 149 182
crazing 0.0350 169 82 187 114
crazing 0.0350 9 23 23 71
crazing 0.0350 28 142 43 155
crazing 0.0349 31 156 63 171
crazing 0.0348 193 53 200 110
crazing 0.0348 44 81 60 97
crazing 0.0348 50 4 66 18
crazing 0.0348 0 104 14 128
crazing 0.0347 186 97 200 121
crazing 0.0347 79 120 97 135
crazing 0.0347 104 87 139 105
crazing 0.0347 50 117 64 150
crazing 0.0346 177 187 200 200
crazing 0.0346 87 102 104 137
crazing 0.0346 168 107 186 139
crazing 0.0346 3 17 19 33
crazing 0.0345 170 169 189 182
crazing 0.0345 68 147 82 189
crazing 0.0345 89 53 105 85
crazing 0.0344 0 82 17 96
crazing 0.0343 94 78 118 106
crazing 0.0343 53 132 70 150
crazing 0.0343 66 4 83 18
crazing 0.0342 11 7 23 49
crazing 0.0342 171 180 187 195
crazing 0.0341 3 0 15 35
crazing 0.0341 109 152 127 164
crazing 0.0341 72 157 91 187
crazing 0.0340 166 95 189 119
crazing 0.0340 184 41 197 87
crazing 0.0340 69 15 87 29
crazing 0.0339 179 68 197 81
crazing 0.0338 28 48 47 78
crazing 0.0338 186 10 200 33
crazing 0.0337 187 25 200 48
crazing 0.0336 163 157 179 172
crazing 0.0335 12 151 30 164
crazing 0.0335 71 58 87 72
crazing 0.0335 30 154 44 191
crazing 0.0334 54 19 70 36
crazing 0.0334 122 87 138 119
crazing 0.0333 7 109 26 138
crazing 0.0332 146 128 164 143
crazing 0.0332 174 165 191 180
crazing 0.0332 98 0 119 12
crazing 0.0331 176 43 190 86
crazing 0.0330 73 34 91 50
crazing 0.0330 156 128 169 165
crazing 0.0330 70 71 82 115
crazing 0.0329 43 0 56 21
crazing 0.0329 129 175 148 189
crazing 0.0329 36 144 54 158
crazing 0.0328 66 173 94 192
crazing 0.0327 21 37 38 66
crazing 0.0327 97 130 112 146
crazing 0.0327 142 147 161 163
crazing 0.0327 152 108 186 125
crazing 0.0326 99 138 116 153
crazing 0.0325 131 137 146 153
crazing 0.0323 156 173 172 189
crazing 0.0322 30 146 46 163
crazing 0.0321 37 31 51 70
crazing 0.0321 12 155 31 168
crazing 0.0321 39 141 58 154
crazing 0.0321 41 25 58 55
crazing 0.0321 9 0 25 18
crazing 0.0320 170 118 187 132
crazing 0.0320 162 109 178 138
crazing 0.0319 117 124 130 162
crazing 0.0319 60 142 78 170
crazing 0.0319 16 18 30 52
crazing 0.0319 126 34 143 48
crazing 0.0318 102 151 121 164
crazing 0.0318 36 0 50 20
crazing 0.0317 14 114 29 146
crazing 0.0317 66 54 83 69
crazing 0.0316 0 120 18 135
crazing 0.0315 27 30 49 53
crazing 0.0314 130 36 146 53
crazing 0.0314 23 174 39 189
crazing 0.0314 73 140 91 156
crazing 0.0313 82 47 101 62
crazing 0.0313 191 96 199 141
crazing 0.0313 146 106 165 133
crazing 0.0313 26 167 43 183
crazing 0.0313 99 164 119 187
crazing 0.0311 65 12 82 25
crazing 0.0311 140 108 158 134
crazing 0.0310 109 171 134 194
crazing 0.0309 0 4 13 27
crazing 0.0309 110 45 128 60
crazing 0.0309 112 190 148 200
crazing 0.0308 153 124 171 138
crazing 0.0307 121 150 139 178
crazing 0.0307 20 23 41 45
crazing 0.0307 0 147 11 181
crazing 0.0306 2 163 18 198
crazing 0.0306 0 104 16 118
crazing 0.0306 24 148 38 163
crazing 0.0306 45 59 62 72
crazing 0.0305 116 67 133 83
crazing 0.0305 47 20 62 35
crazing 0.0304 0 135 11 166
crazing 0.0303 99 88 118 102
crazing 0.0303 55 162 74 177
crazing 0.0303 131 118 151 131
crazing 0.0302 37 174 54 190
crazing 0.0301 125 133 144 149
crazing 0.0300 183 146 198 162
crazing 0.0300 86 44 104 58
crazing 0.0300 108 182 123 200
crazing 0.0299 133 0 151 16
crazing 0.0299 66 136 82 153
crazing 0.0299 66 21 84 35
crazing 0.0298 98 10 116 25
crazing 0.0298 134 41 149 57
crazing 0.0298 76 167 93 182
crazing 0.0297 20 4 35 21
crazing 0.0297 101 144 120 157
crazing 0.0295 166 172 185 184
crazing 0.0295 16 47 33 62
crazing 0.0295 20 15 35 31
crazing 0.0294 183 34 200 51
crazing 0.0294 103 156 121 170
crazing 0.0293 91 81 105 113
crazing 0.0293 83 39 97 83
crazing 0.0293 109 145 127 158
crazing 0.0293 8 131 26 145
crazing 0.0292 167 141 187 164
crazing 0.0292 15 101 29 138
crazing 0.0292 79 17 96 32
crazing 0.0292 38 29 73 44
crazing 0.0292 50 11 67 25
crazing 0.0291 87 7 104 23
crazing 0.0291 1 154 16 168
crazing 0.0291 19 77 37 92
crazing 0.0290 170 74 187 89
crazing 0.0290 66 91 84 105
crazing 0.0290 105 163 125 189
crazing 0.0290 150 187 175 200
crazing 0.0290 109 123 127 138
crazing 0.0290 113 84 134 99
crazing 0.0289 85 95 117 112
crazing 0.0289 165 134 189 153
crazing 0.0288 169 111 187 125
crazing 0.0288 87 184 105 200
crazing 0.0288 190 68 200 101
crazing 0.0288 28 35 46 65
crazing 0.0287 69 1 86 14
crazing 0.0286 16 157 33 173
crazing 0.0285 15 100 33 115
crazing 0.0285 173 137 192 170
crazing 0.0284 24 138 41 153
crazing 0.0284 140 160 157 175
crazing 0.0284 41 155 59 188
crazing 0.0283 92 108 109 121
crazing 0.0282 31 137 46 152
crazing 0.0282 86 60 105 76
crazing 0.0282 87 121 103 135
crazing 0.0282 10 103 26 120
crazing 0.0281 81 0 99 17
crazing 0.0281 95 155 114 169
crazing 0.0281 17 174 32 190
crazing 0.0280 45 118 63 133
crazing 0.0280 182 94 200 111
crazing 0.0280 103 21 120 36
crazing 0.0279 80 30 98 46
crazing 0.0279 26 128 44 142
crazing 0.0279 16 59 34 76
crazing 0.0279 0 46 12 78
crazing 0.0278 112 0 131 11
crazing 0.0277 75 171 89 197
crazing 0.0276 71 83 87 99
crazing 0.0276 67 108 83 123
crazing 0.0276 3 124 18 164
crazing 0.0276 31 95 51 108
crazing 0.0275 156 106 169 143
crazing 0.0275 134 75 153 102
crazing 0.0274 129 149 145 176
crazing 0.0274 192 178 200 200
crazing 0.0274 98 147 117 162
crazing 0.0274 187 58 200 81
crazing 0.0273 15 113 32 128
crazing 0.0273 76 104 94 119
crazing 0.0273 110 137 127 152
crazing 0.0273 149 14 167 28
crazing 0.0272 52 153 73 186
crazing 0.0272 51 173 84 192
crazing 0.0272 26 99 43 114
crazing 0.0272 113 140 130 154
crazing 0.0272 59 156 77 173
crazing 0.0272 174 113 190 130
crazing 0.0272 19 116 36 133
crazing 0.0271 82 124 99 138
crazing 0.0271 84 71 96 117
crazing 0.0271 99 80 117 95
crazing 0.0270 128 73 146 89
crazing 0.0270 13 72 29 90
crazing 0.0269 26 87 42 103
crazing 0.0269 42 180 57 199
crazing 0.0268 29 40 45 56
crazing 0.0268 83 116 99 132
crazing 0.0268 35 159 55 193
crazing 0.0268 174 44 191 59
crazing 0.0268 182 0 200 10
crazing 0.0267 86 178 103 192
crazing 0.0266 51 17 67 31
crazing 0.0266 64 27 84 40
crazing 0.0266 9 147 26 162
crazing 0.0265 2 85 20 98
crazing 0.0265 163 130 180 157
crazing 0.0264 113 120 130 136
crazing 0.0264 148 159 163 175
crazing 0.0264 140 57 157 72
crazing 0.0264 193 21 200 76
crazing 0.0263 34 140 49 155
crazing 0.0263 110 108 126 123
crazing 0.0262 189 100 200 115
crazing 0.0262 113 11 131 25
crazing 0.0262 14 1 29 16
crazing 0.0261 176 63 192 79
crazing 0.0261 0 0 13 13
crazing 0.0261 58 45 77 57
crazing 0.0261 1 143 16 160
crazing 0.0261 56 7 70 45
crazing 0.0260 81 88 101 102
crazing 0.0260 45 6 68 28
crazing 0.0260 127 167 143 182
crazing 0.0260 1 14 15 28
crazing 0.0258 159 170 175 184
crazing 0.0258 42 168 74 187
crazing 0.0257 83 161 101 175
crazing 0.0257 183 64 199 79
crazing 0.0256 149 93 166 109
crazing 0.0256 116 43 132 60
crazing 0.0256 138 145 157 158
crazing 0.0256 109 173 127 189
crazing 0.0256 0 37 17 51
crazing 0.0255 129 80 144 113
crazing 0.0254 130 164 146 179
crazing 0.0254 0 27 11 60
crazing 0.0254 162 174 181 188
crazing 0.0254 39 76 57 92
crazing 0.0254 47 13 62 28
crazing 0.0253 73 4 90 18
crazing 0.0253 173 107 191 121
crazing 0.0252 74 108 89 124
crazing 0.0252 113 75 131 88
crazing 0.0252 58 186 81 199
crazing 0.0251 134 158 149 175
crazing 0.0251 46 139 64 175
crazing 0.0251 43 108 59 122
crazing 0.0250 187 37 200 62
crazing 0.0250 87 135 103 149
crazing 0.0250 94 55 112 78
crazing 0.0250 60 23 75 40
crazing 0.0250 22 102 37 136
crazing 0.0249 116 151 134 164
crazing 0.0249 68 31 87 45
crazing 0.0249 103 133 118 149
crazing 0.0249 60 151 79 185
crazing 0.0248 29 92 47 106
crazing 0.0247 110 0 122 21
crazing 0.0247 91 0 104 20
crazing 0.0247 69 24 87 38
crazing 0.0247 78 178 95 191
crazing 0.0247 171 160 187 175
crazing 0.0247 60 117 77 134
crazing 0.0247 133 78 151 93
crazing 0.0247 170 17 187 32
crazing 0.0247 183 47 200 64
crazing 0.0246 90 130 106 147
crazing 0.0246 17 20 31 37
crazing 0.0246 189 165 200 198
crazing 0.0245 89 174 108 188
crazing 0.0245 137 35 153 53
crazing 0.0245 62 108 79 141
crazing 0.0243 53 74 71 89
crazing 0.0243 186 184 200 198
crazing 0.0242 7 164 24 179
crazing 0.0242 53 9 72 22
crazing 0.0242 167 177 184 192
crazing 0.0241 80 157 97 172
crazing 0.0240 135 131 155 144
crazing 0.0240 82 183 99 198
crazing 0.0240 176 72 194 85
crazing 0.0239 74 100 89 117
crazing 0.0239 167 87 185 101
crazing 0.0238 130 11 146 25
crazing 0.0238 27 80 42 95
crazing 0.0238 130 45 146 59
crazing 0.0238 62 18 79 31
crazing 0.0238 79 90 96 106
crazing 0.0237 47 44 64 58
crazing 0.0237 185 126 200 140
crazing 0.0237 22 123 42 135
crazing 0.0237 75 148 94 162
crazing 0.0237 20 180 36 195
crazing 0.0236 30 63 46 80
crazing 0.0236 69 64 87 77
crazing 0.0235 55 180 71 199
crazing 0.0235 166 14 184 28
crazing 0.0235 141 168 157 182
crazing 0.0235 6 91 24 106
crazing 0.0235 35 21 52 55
crazing 0.0235 88 153 102 170
crazing 0.0234 64 114 81 131
crazing 0.0234 114 132 131 146
crazing 0.0233 190 24 200 38
crazing 0.0233 57 113 71 130
crazing 0.0232 59 69 76 86
crazing 0.0232 61 178 76 200
crazing 0.0232 130 107 145 121
crazing 0.0231 96 1 111 25
crazing 0.0231 103 14 119 30
crazing 0.0231 23 17 42 31
crazing 0.0230 152 118 171 131
crazing 0.0230 109 156 128 169
crazing 0.0230 84 131 99 147
crazing 0.0230 50 55 67 69
crazing 0.0230 140 44 156 60
crazing 0.0229 67 80 82 96
crazing 0.0229 107 120 123 136
crazing 0.0229 67 151 83 169
crazing 0.0229 143 137 160 152
crazing 0.0229 174 176 189 192
crazing 0.0229 177 91 190 136
crazing 0.0228 176 146 192 162
crazing 0.0228 0 21 10 35
crazing 0.0228 174 172 191 185
crazing 0.0228 146 144 164 158
crazing 0.0227 131 88 152 102
crazing 0.0227 63 88 78 102
crazing 0.0227 86 0 105 11
crazing 0.0226 48 91 66 107
crazing 0.0226 80 98 98 113
crazing 0.0225 73 160 88 175
crazing 0.0225 186 86 200 101
crazing 0.0225 6 78 24 92
crazing 0.0225 10 86 26 102
crazing 0.0225 69 178 84 200
crazing 0.0225 50 113 66 129
crazing 0.0223 49 178 67 195
crazing 0.0223 130 130 147 144
crazing 0.0223 153 100 171 131
crazing 0.0223 94 135 109 149
crazing 0.0223 24 5 37 39
crazing 0.0223 0 87 11 119
crazing 0.0223 76 123 93 138
crazing 0.0222 136 67 154 81
crazing 0.0222 82 40 99 55
crazing 0.0221 60 107 74 122
crazing 0.0221 129 60 146 75
crazing 0.0221 166 121 182 135
crazing 0.0221 127 42 143 56
crazing 0.0220 55 128 73 145
crazing 0.0220 5 167 19 183
crazing 0.0220 84 141 100 156
crazing 0.0220 191 32 200 45
crazing 0.0219 77 182 93 198
crazing 0.0219 10 17 26 33
crazing 0.0219 12 92 31 105
crazing 0.0219 52 70 67 86
crazing 0.0219 0 151 10 165
crazing 0.0218 125 13 143 28
crazing 0.0218 5 51 20 66
crazing 0.0218 49 37 66 53
crazing 0.0218 117 143 133 158
crazing 0.0218 162 0 178 18
crazing 0.0218 18 104 36 119
crazing 0.0217 65 67 82 82
crazing 0.0216 99 18 115 33
crazing 0.0216 74 17 90 33
crazing 0.0216 95 32 114 45
crazing 0.0216 48 136 64 153
crazing 0.0214 28 150 42 165
crazing 0.0214 152 160 169 176
crazing 0.0214 171 41 187 56
crazing 0.0213 14 8 31 22
crazing 0.0213 163 46 179 63
crazing 0.0213 62 176 80 192
crazing 0.0212 60 51 75 68
crazing 0.0212 0 108 10 141
crazing 0.0211 140 70 157 87
crazing 0.0210 86 38 103 53
crazing 0.0210 33 165 49 182
crazing 0.0210 83 95 102 109
crazing 0.0209 174 37 190 52
crazing 0.0209 170 91 183 132
crazing 0.0209 82 24 100 38
crazing 0.0209 78 26 93 42
crazing 0.0209 138 135 159 148
crazing 0.0209 66 37 84 52
crazing 0.0209 19 71 36 86
crazing 0.0209 70 50 87 66
crazing 0.0209 59 136 75 155
crazing 0.0209 190 118 200 132
crazing 0.0208 9 40 26 56
crazing 0.0208 43 144 60 157
crazing 0.0208 146 11 163 26
crazing 0.0208 36 149 52 176
crazing 0.0208 109 29 127 45
crazing 0.0208 83 102 101 117
crazing 0.0208 99 36 117 49
crazing 0.0207 90 117 106 132
crazing 0.0207 48 155 64 189
crazing 0.0207 166 165 184 179
crazing 0.0207 190 174 200 189
crazing 0.0206 23 48 39 67
crazing 0.0206 30 102 46 119
crazing 0.0206 7 151 22 165
crazing 0.0206 159 155 176 168
crazing 0.0205 133 0 149 9
crazing 0.0205 171 51 186 67
crazing 0.0205 13 143 28 159
crazing 0.0204 80 127 96 143
crazing 0.0204 17 20 49 37
crazing 0.0204 77 14 93 30
crazing 0.0204 27 158 44 172
crazing 0.0204 137 165 154 179
crazing 0.0203 77 188 102 200
crazing 0.0203 183 54 198 69
crazing 0.0202 106 141 123 154
crazing 0.0202 124 101 140 116
crazing 0.0202 51 61 67 76
crazing 0.0202 87 91 105 106
crazing 0.0202 126 127 143 142
crazing 0.0202 133 134 150 148
crazing 0.0202 24 1 39 16
crazing 0.0202 150 76 166 92
crazing 0.0201 130 100 146 115
crazing 0.0201 149 106 166 122
crazing 0.0201 162 168 180 181
crazing 0.0201 179 90 196 106
crazing 0.0201 161 0 176 9
crazing 0.0201 31 155 48 169
crazing 0.0200 77 131 93 147
crazing 0.0200 146 0 163 12
crazing 0.0200 35 19 68 39
crazing 0.0200 77 94 93 109
crazing 0.0200 183 7 198 22
inclusion 0.0579 169 144 180 155
inclusion 0.0530 163 144 173 153
inclusion 0.0480 66 192 76 200
inclusion 0.0480 30 194 46 199
inclusion 0.0471 159 145 178 157
inclusion 0.0468 162 146 173 155
inclusion 0.0468 65 191 72 200
inclusion 0.0460 75 191 82 200
inclusion 0.0455 58 193 70 200
inclusion 0.0452 69 193 80 200
inclusion 0.0449 0 56 5 66
inclusion 0.0447 159 146 168 155
inclusion 0.0446 23 195 39 200
inclusion 0.0436 43 72 51 83
inclusion 0.0430 33 192 43 200
inclusion 0.0430 163 139 172 150
inclusion 0.0408 0 73 6 83
inclusion 0.0401 62 179 71 190
inclusion 0.0398 2 194 20 200
inclusion 0.0397 0 59 5 69
inclusion 0.0394 49 0 66 4
inclusion 0.0387 31 189 46 199
inclusion 0.0377 66 187 76 197
inclusion 0.0377 64 172 78 181
inclusion 0.0375 0 166 5 176
inclusion 0.0373 33 32 42 43
inclusion 0.0373 43 162 57 171
inclusion 0.0371 63 185 73 197
inclusion 0.0371 71 195 86 200
inclusion 0.0371 0 50 2 77
inclusion 0.0369 58 152 72 162
inclusion 0.0368 36 195 54 199
inclusion 0.0366 36 192 47 200
inclusion 0.0365 99 195 116 200
inclusion 0.0364 39 33 52 42
inclusion 0.0362 63 173 72 187
inclusion 0.0361 0 143 6 152
inclusion 0.0359 161 191 168 200
inclusion 0.0358 0 120 5 129
inclusion 0.0356 64 176 78 185
inclusion 0.0355 36 31 46 43
inclusion 0.0355 170 33 179 44
inclusion 0.0354 0 0 8 5
inclusion 0.0351 167 140 177 151
inclusion 0.0349 45 15 55 27
inclusion 0.0347 116 23 126 34
inclusion 0.0346 141 192 148 200
inclusion 0.0346 55 175 66 188
inclusion 0.0343 26 30 35 40
inclusion 0.0342 160 142 168 154
inclusion 0.0342 0 6 5 16
inclusion 0.0342 59 177 70 186
inclusion 0.0340 67 129 80 139
inclusion 0.0340 0 9 5 19
inclusion 0.0339 0 194 8 200
inclusion 0.0339 67 80 80 88
inclusion 0.0339 137 191 145 200
inclusion 0.0337 66 190 83 199
inclusion 0.0337 42 71 53 79
inclusion 0.0337 60 190 76 199
inclusion 0.0336 9 194 26 200
inclusion 0.0336 38 189 50 200
inclusion 0.0335 36 36 45 47
inclusion 0.0334 0 68 3 93
inclusion 0.0333 100 69 114 78
inclusion 0.0332 0 144 4 158
inclusion 0.0332 157 191 165 200
inclusion 0.0332 190 84 200 91
inclusion 0.0332 193 139 200 149
inclusion 0.0331 130 155 145 164
inclusion 0.0331 57 0 72 4
inclusion 0.0331 0 0 6 9
inclusion 0.0328 92 195 110 200
inclusion 0.0328 26 33 36 43
inclusion 0.0328 0 30 4 45
inclusion 0.0327 193 120 200 129
inclusion 0.0326 136 195 153 200
inclusion 0.0325 70 187 78 199
inclusion 0.0325 18 83 29 93
inclusion 0.0325 0 158 3 182
inclusion 0.0324 30 33 39 43
inclusion 0.0324 23 23 31 33
inclusion 0.0324 0 115 3 138
inclusion 0.0324 40 39 49 50
inclusion 0.0324 0 150 6 159
inclusion 0.0323 27 191 35 200
inclusion 0.0323 76 72 85 84
inclusion 0.0323 195 191 200 200
inclusion 0.0322 0 134 5 148
inclusion 0.0322 70 82 78 93
inclusion 0.0322 61 196 84 199
inclusion 0.0321 0 96 6 106
inclusion 0.0319 0 30 8 38
inclusion 0.0319 168 138 175 153
inclusion 0.0319 64 152 78 162
inclusion 0.0319 57 0 65 7
inclusion 0.0316 110 191 118 200
inclusion 0.0316 61 183 74 192
inclusion 0.0316 77 191 85 200
inclusion 0.0315 0 179 6 190
inclusion 0.0315 16 194 32 200
inclusion 0.0315 196 0 199 12
inclusion 0.0313 0 13 6 23
inclusion 0.0313 59 102 69 114
inclusion 0.0313 19 29 28 40
inclusion 0.0312 0 0 3 12
inclusion 0.0312 20 196 46 199
inclusion 0.0312 193 99 200 109
inclusion 0.0312 54 0 62 8
inclusion 0.0312 21 166 33 175
inclusion 0.0311 165 145 182 152
inclusion 0.0310 166 136 176 146
inclusion 0.0310 23 26 31 36
inclusion 0.0310 76 77 85 88
inclusion 0.0310 164 136 170 153
inclusion 0.0309 77 183 92 192
inclusion 0.0309 23 30 32 40
inclusion 0.0309 80 0 96 5
inclusion 0.0308 162 149 173 160
inclusion 0.0306 171 143 190 158
inclusion 0.0306 47 162 61 171
inclusion 0.0306 173 29 182 41
inclusion 0.0306 66 184 76 194
inclusion 0.0305 45 13 57 23
inclusion 0.0305 36 186 46 198
inclusion 0.0305 145 192 152 200
inclusion 0.0304 73 73 81 84
inclusion 0.0303 29 60 41 69
inclusion 0.0303 38 29 52 38
inclusion 0.0302 163 193 173 200
inclusion 0.0302 70 125 85 134
inclusion 0.0302 20 169 34 178
inclusion 0.0301 59 184 69 197
inclusion 0.0301 196 91 199 114
inclusion 0.0301 126 8 135 21
inclusion 0.0301 157 144 170 153
inclusion 0.0301 43 64 52 77
inclusion 0.0301 25 15 35 26
inclusion 0.0300 107 191 115 200
inclusion 0.0300 156 66 165 77
inclusion 0.0300 0 50 7 58
inclusion 0.0300 168 144 183 161
inclusion 0.0299 66 131 75 143
inclusion 0.0299 67 106 76 117
inclusion 0.0299 29 193 39 200
inclusion 0.0299 129 13 139 23
inclusion 0.0299 45 126 55 136
inclusion 0.0299 153 36 162 47
inclusion 0.0298 0 33 8 42
inclusion 0.0298 76 195 93 200
inclusion 0.0298 0 26 3 53
inclusion 0.0298 143 0 159 5
inclusion 0.0297 165 144 171 158
inclusion 0.0297 175 149 186 161
inclusion 0.0297 130 158 144 168
inclusion 0.0297 0 191 5 200
inclusion 0.0297 29 163 39 173
inclusion 0.0297 55 152 66 163
inclusion 0.0297 76 180 91 189
inclusion 0.0296 116 20 126 30
inclusion 0.0296 0 153 6 163
inclusion 0.0296 38 36 51 46
inclusion 0.0296 0 140 6 149
inclusion 0.0294 21 133 34 141
inclusion 0.0294 50 160 64 168
inclusion 0.0294 104 67 115 76
inclusion 0.0293 3 0 19 4
inclusion 0.0293 116 62 126 73
inclusion 0.0292 157 195 172 200
inclusion 0.0292 0 130 3 155
inclusion 0.0292 126 18 136 31
inclusion 0.0292 125 14 135 26
inclusion 0.0291 53 171 69 190
inclusion 0.0291 171 139 179 153
inclusion 0.0290 0 160 6 169
inclusion 0.0290 27 27 36 36
inclusion 0.0290 194 6 200 16
inclusion 0.0289 134 192 142 200
inclusion 0.0289 69 132 79 144
inclusion 0.0288 169 149 182 159
inclusion 0.0288 43 0 59 4
inclusion 0.0288 65 179 75 190
inclusion 0.0288 127 10 141 19
inclusion 0.0288 61 129 75 139
inclusion 0.0288 84 0 92 8
inclusion 0.0287 0 3 3 29
inclusion 0.0287 87 191 95 200
inclusion 0.0286 191 124 200 132
inclusion 0.0286 129 20 139 30
inclusion 0.0286 20 116 34 124
inclusion 0.0286 9 193 19 200
inclusion 0.0285 0 79 6 89
inclusion 0.0285 174 142 187 152
inclusion 0.0285 23 60 33 70
inclusion 0.0284 0 40 6 50
inclusion 0.0284 22 56 32 67
inclusion 0.0284 114 191 122 200
inclusion 0.0284 44 19 56 29
inclusion 0.0284 162 136 172 146
inclusion 0.0284 51 164 67 181
inclusion 0.0284 51 0 58 10
inclusion 0.0284 55 149 68 158
inclusion 0.0284 20 53 34 62
inclusion 0.0284 15 56 26 65
inclusion 0.0283 34 40 42 50
inclusion 0.0283 40 73 49 84
inclusion 0.0283 193 143 200 152
inclusion 0.0282 61 0 69 7
inclusion 0.0282 196 133 199 159
inclusion 0.0281 27 23 36 33
inclusion 0.0281 0 36 5 47
inclusion 0.0281 41 76 55 85
inclusion 0.0280 0 47 8 55
inclusion 0.0280 0 77 8 85
inclusion 0.0280 117 167 131 176
inclusion 0.0280 58 156 71 165
inclusion 0.0279 57 191 65 199
inclusion 0.0279 171 26 177 45
inclusion 0.0279 104 191 112 200
inclusion 0.0279 54 195 68 200
inclusion 0.0278 193 129 200 139
inclusion 0.0278 0 70 10 85
inclusion 0.0278 9 23 19 34
inclusion 0.0278 55 101 66 113
inclusion 0.0278 26 132 36 143
inclusion 0.0277 104 88 111 102
inclusion 0.0277 0 54 7 62
inclusion 0.0277 105 195 123 200
inclusion 0.0277 144 0 152 9
inclusion 0.0276 33 27 43 38
inclusion 0.0276 67 101 76 114
inclusion 0.0276 129 16 139 26
inclusion 0.0276 46 165 55 177
inclusion 0.0276 58 173 72 182
inclusion 0.0276 47 0 74 2
inclusion 0.0275 0 47 4 62
inclusion 0.0275 174 191 182 200
inclusion 0.0275 152 193 163 200
inclusion 0.0275 130 7 138 21
inclusion 0.0275 76 69 86 80
inclusion 0.0275 0 63 6 73
inclusion 0.0275 0 164 8 172
inclusion 0.0274 97 190 105 200
inclusion 0.0274 193 183 200 192
inclusion 0.0274 0 137 3 162
inclusion 0.0274 57 179 67 191
inclusion 0.0274 121 191 128 200
inclusion 0.0274 190 170 200 179
inclusion 0.0273 0 133 6 142
inclusion 0.0273 46 65 56 77
inclusion 0.0273 190 97 200 105
inclusion 0.0273 117 191 125 200
inclusion 0.0273 63 153 72 166
inclusion 0.0273 23 33 32 43
inclusion 0.0272 101 102 115 111
inclusion 0.0272 0 170 6 180
inclusion 0.0272 69 76 79 86
inclusion 0.0271 28 27 34 45
inclusion 0.0271 39 163 49 176
inclusion 0.0270 0 154 4 168
inclusion 0.0270 85 195 103 200
inclusion 0.0270 54 167 64 178
inclusion 0.0270 110 133 119 143
inclusion 0.0270 20 114 34 121
inclusion 0.0270 5 72 18 82
inclusion 0.0269 31 83 44 92
inclusion 0.0269 159 148 180 154
inclusion 0.0267 110 0 126 5
inclusion 0.0267 64 0 72 8
inclusion 0.0267 178 152 185 166
inclusion 0.0267 47 179 60 188
inclusion 0.0267 170 26 179 37
inclusion 0.0267 93 191 102 200
inclusion 0.0267 159 139 169 150
inclusion 0.0266 40 168 49 180
inclusion 0.0266 175 26 180 45
inclusion 0.0265 154 149 168 159
inclusion 0.0265 46 73 55 84
inclusion 0.0265 115 166 125 176
inclusion 0.0265 47 128 56 140
inclusion 0.0265 35 186 42 198
inclusion 0.0265 108 4 119 16
inclusion 0.0264 93 196 121 199
inclusion 0.0264 80 192 88 200
inclusion 0.0264 165 190 171 200
inclusion 0.0263 196 2 199 28
inclusion 0.0263 168 192 175 200
inclusion 0.0263 31 12 39 24
inclusion 0.0263 57 100 71 109
inclusion 0.0262 38 27 54 45
inclusion 0.0262 0 57 10 67
inclusion 0.0262 73 0 89 5
inclusion 0.0262 48 194 61 200
inclusion 0.0262 193 116 200 126
inclusion 0.0261 64 156 78 165
inclusion 0.0261 0 117 7 125
inclusion 0.0261 52 177 63 190
inclusion 0.0260 163 138 181 152
inclusion 0.0260 190 167 200 175
inclusion 0.0260 30 28 39 40
inclusion 0.0260 90 191 98 200
inclusion 0.0260 17 191 25 200
inclusion 0.0259 190 0 200 5
inclusion 0.0259 0 90 6 100
inclusion 0.0259 35 40 48 49
inclusion 0.0259 194 81 200 95
inclusion 0.0259 99 192 110 200
inclusion 0.0259 0 67 7 76
inclusion 0.0259 73 191 90 200
inclusion 0.0259 191 137 200 145
inclusion 0.0259 64 102 72 114
inclusion 0.0258 50 16 59 26
inclusion 0.0258 16 83 25 92
inclusion 0.0257 0 126 6 136
inclusion 0.0257 0 186 6 196
inclusion 0.0257 156 36 165 47
inclusion 0.0257 23 172 33 183
inclusion 0.0257 193 102 200 113
inclusion 0.0256 19 35 29 47
inclusion 0.0256 0 147 3 172
inclusion 0.0256 193 16 200 26
inclusion 0.0256 99 22 108 33
inclusion 0.0255 70 87 78 96
inclusion 0.0255 19 58 30 70
inclusion 0.0255 112 0 124 10
inclusion 0.0255 0 4 7 12
inclusion 0.0254 24 190 32 200
inclusion 0.0254 34 59 49 68
inclusion 0.0254 7 196 33 199
inclusion 0.0254 158 66 171 75
inclusion 0.0253 4 0 12 8
inclusion 0.0253 0 173 6 183
inclusion 0.0253 0 130 6 139
inclusion 0.0253 0 70 7 79
inclusion 0.0252 46 22 55 33
inclusion 0.0252 42 16 51 27
inclusion 0.0252 9 27 20 37
inclusion 0.0251 20 190 28 200
inclusion 0.0251 117 20 124 37
inclusion 0.0251 25 165 35 176
inclusion 0.0251 85 0 96 9
inclusion 0.0251 73 79 82 90
inclusion 0.0251 183 178 192 190
inclusion 0.0251 46 0 62 8
inclusion 0.0251 140 95 148 108
inclusion 0.0251 74 82 83 94
inclusion 0.0251 105 62 115 73
inclusion 0.0250 37 39 45 50
inclusion 0.0250 84 192 92 199
inclusion 0.0250 113 98 122 110
inclusion 0.0250 36 61 46 73
inclusion 0.0250 191 134 200 141
inclusion 0.0250 119 169 130 180
inclusion 0.0249 195 124 200 139
inclusion 0.0249 173 141 182 151
inclusion 0.0249 20 168 29 186
inclusion 0.0249 189 6 199 17
inclusion 0.0249 0 24 6 33
inclusion 0.0249 53 161 63 174
inclusion 0.0248 0 147 8 155
inclusion 0.0248 30 6 39 17
inclusion 0.0247 97 73 111 81
inclusion 0.0247 156 32 165 43
inclusion 0.0247 135 157 152 164
inclusion 0.0247 28 108 34 122
inclusion 0.0247 64 125 79 142
inclusion 0.0246 196 123 199 147
inclusion 0.0246 169 12 180 23
inclusion 0.0246 168 0 175 9
inclusion 0.0246 155 152 166 164
inclusion 0.0246 184 192 192 199
inclusion 0.0245 190 128 200 135
inclusion 0.0245 196 27 199 53
inclusion 0.0245 190 164 200 172
inclusion 0.0245 14 191 22 200
inclusion 0.0245 177 0 193 5
inclusion 0.0245 94 0 109 5
inclusion 0.0245 112 102 123 113
inclusion 0.0245 27 35 35 49
inclusion 0.0244 20 0 36 4
inclusion 0.0244 196 157 199 182
inclusion 0.0244 167 33 176 44
inclusion 0.0244 160 69 169 81
inclusion 0.0244 110 6 124 15
inclusion 0.0244 19 86 30 96
inclusion 0.0243 119 62 130 73
inclusion 0.0243 50 157 62 165
inclusion 0.0243 17 141 31 148
inclusion 0.0243 25 27 30 44
inclusion 0.0243 41 14 52 23
inclusion 0.0243 157 9 167 20
inclusion 0.0243 0 124 8 132
inclusion 0.0243 55 156 65 166
inclusion 0.0243 68 180 74 198
inclusion 0.0242 81 117 94 125
inclusion 0.0242 190 191 198 200
inclusion 0.0242 124 191 132 200
inclusion 0.0242 195 31 199 45
inclusion 0.0242 61 177 68 192
inclusion 0.0242 103 196 130 199
inclusion 0.0242 129 56 139 67
inclusion 0.0241 146 21 156 33
inclusion 0.0241 0 99 6 110
inclusion 0.0241 185 176 196 187
inclusion 0.0241 72 182 85 192
inclusion 0.0241 169 153 180 163
inclusion 0.0241 30 186 40 196
inclusion 0.0241 0 111 4 125
inclusion 0.0240 163 72 172 83
inclusion 0.0240 37 129 51 138
inclusion 0.0240 17 33 30 42
inclusion 0.0240 0 90 3 115
inclusion 0.0240 151 191 159 200
inclusion 0.0240 133 13 143 24
inclusion 0.0240 11 59 24 69
inclusion 0.0240 67 172 75 187
inclusion 0.0239 169 101 180 113
inclusion 0.0239 195 130 200 145
inclusion 0.0239 156 63 166 73
inclusion 0.0239 140 22 149 33
inclusion 0.0239 116 171 126 183
inclusion 0.0239 83 13 93 23
inclusion 0.0239 110 3 126 12
inclusion 0.0239 191 138 198 151
inclusion 0.0239 147 0 155 8
inclusion 0.0239 111 0 119 9
inclusion 0.0238 86 10 96 20
inclusion 0.0238 47 0 55 8
inclusion 0.0238 167 146 176 161
inclusion 0.0238 158 196 183 200
inclusion 0.0238 193 59 200 69
inclusion 0.0238 29 160 39 170
inclusion 0.0237 78 0 85 8
inclusion 0.0237 71 186 84 195
inclusion 0.0237 196 114 199 140
inclusion 0.0237 174 153 187 163
inclusion 0.0237 0 103 6 113
inclusion 0.0237 115 29 126 39
inclusion 0.0237 33 183 42 195
inclusion 0.0237 170 191 179 200
inclusion 0.0237 71 172 84 189
inclusion 0.0237 1 29 13 38
inclusion 0.0237 26 19 36 30
inclusion 0.0236 36 67 46 78
inclusion 0.0236 4 73 12 89
inclusion 0.0236 43 39 52 50
inclusion 0.0236 0 20 6 30
inclusion 0.0236 33 79 42 90
inclusion 0.0236 48 20 60 29
inclusion 0.0235 86 13 96 23
inclusion 0.0235 169 195 186 200
inclusion 0.0235 193 3 200 13
inclusion 0.0235 148 191 155 200
inclusion 0.0235 44 63 57 72
inclusion 0.0235 19 80 29 90
inclusion 0.0235 110 169 124 179
inclusion 0.0235 7 0 15 8
inclusion 0.0235 10 86 24 95
inclusion 0.0235 55 191 62 199
inclusion 0.0235 180 145 190 156
inclusion 0.0235 71 183 80 193
inclusion 0.0235 193 46 200 56
inclusion 0.0235 2 192 13 200
inclusion 0.0235 7 190 15 200
inclusion 0.0235 81 0 89 9
inclusion 0.0235 196 53 199 80
inclusion 0.0235 79 177 89 187
inclusion 0.0235 195 10 200 25
inclusion 0.0235 16 31 25 43
inclusion 0.0235 60 183 76 198
inclusion 0.0235 0 22 3 44
inclusion 0.0235 23 135 32 146
inclusion 0.0234 131 192 139 200
inclusion 0.0234 128 6 140 16
inclusion 0.0234 177 191 185 200
inclusion 0.0233 193 180 200 189
inclusion 0.0233 130 23 138 35
inclusion 0.0233 60 106 69 118
inclusion 0.0233 43 162 52 178
inclusion 0.0233 196 101 199 124
inclusion 0.0233 61 189 68 200
inclusion 0.0233 6 173 15 183
inclusion 0.0232 67 0 75 8
inclusion 0.0232 138 20 152 28
inclusion 0.0232 53 0 70 8
inclusion 0.0232 153 5 163 16
inclusion 0.0232 0 74 10 80
inclusion 0.0232 76 176 86 188
inclusion 0.0232 39 71 50 80
inclusion 0.0232 38 35 58 40
inclusion 0.0232 196 73 199 100
inclusion 0.0232 193 0 200 9
inclusion 0.0232 29 53 42 62
inclusion 0.0232 40 126 53 135
inclusion 0.0231 0 174 3 199
inclusion 0.0231 30 10 39 20
inclusion 0.0231 129 195 146 200
inclusion 0.0231 113 164 127 172
inclusion 0.0230 16 100 32 108
inclusion 0.0230 46 46 56 56
inclusion 0.0230 46 43 56 53
inclusion 0.0230 70 174 80 187
inclusion 0.0230 61 176 74 193
inclusion 0.0230 161 0 175 5
inclusion 0.0230 152 152 162 164
inclusion 0.0230 157 72 166 84
inclusion 0.0229 0 137 8 145
inclusion 0.0229 70 139 79 150
inclusion 0.0229 196 42 199 70
inclusion 0.0229 160 29 169 40
inclusion 0.0229 50 166 60 178
inclusion 0.0229 66 170 82 186
inclusion 0.0229 0 94 8 102
inclusion 0.0229 195 161 200 174
inclusion 0.0229 181 191 189 200
inclusion 0.0228 30 149 39 160
inclusion 0.0228 39 185 50 197
inclusion 0.0228 123 16 133 32
inclusion 0.0228 24 130 36 139
inclusion 0.0228 61 170 75 185
inclusion 0.0228 0 166 10 178
inclusion 0.0228 93 102 109 111
inclusion 0.0228 80 72 89 84
inclusion 0.0228 71 78 78 91
inclusion 0.0228 103 70 118 78
inclusion 0.0228 47 183 60 191
inclusion 0.0228 0 25 5 38
inclusion 0.0228 97 0 106 9
inclusion 0.0227 22 111 32 120
inclusion 0.0227 70 70 85 78
inclusion 0.0227 29 21 34 36
inclusion 0.0227 44 0 52 8
inclusion 0.0227 109 101 119 113
inclusion 0.0227 142 33 152 43
inclusion 0.0227 5 29 16 39
inclusion 0.0227 66 0 83 4
inclusion 0.0227 126 162 136 173
inclusion 0.0226 61 127 76 135
inclusion 0.0226 142 5 152 16
inclusion 0.0226 194 91 200 105
inclusion 0.0226 33 9 43 21
inclusion 0.0226 140 7 149 21
inclusion 0.0226 40 106 50 117
inclusion 0.0226 195 47 200 62
inclusion 0.0225 114 120 122 135
inclusion 0.0225 78 187 92 195
inclusion 0.0225 38 67 51 76
inclusion 0.0225 81 47 94 55
inclusion 0.0225 191 11 200 19
inclusion 0.0225 100 0 108 9
inclusion 0.0224 20 104 35 112
inclusion 0.0224 0 87 6 96
inclusion 0.0224 70 136 79 146
inclusion 0.0224 31 38 39 54
inclusion 0.0224 19 190 36 199
inclusion 0.0224 193 30 200 39
inclusion 0.0224 167 0 183 4
inclusion 0.0224 57 0 82 3
inclusion 0.0224 190 81 200 89
inclusion 0.0224 36 180 46 191
inclusion 0.0224 116 59 126 70
inclusion 0.0223 154 70 167 79
inclusion 0.0223 30 60 38 74
inclusion 0.0223 187 192 195 200
inclusion 0.0223 166 69 176 80
inclusion 0.0223 158 33 164 52
inclusion 0.0222 127 191 135 200
inclusion 0.0222 162 66 167 85
inclusion 0.0222 114 21 121 36
inclusion 0.0222 112 119 123 129
inclusion 0.0222 31 35 38 48
inclusion 0.0221 155 33 160 52
inclusion 0.0221 31 53 39 68
inclusion 0.0221 132 13 137 30
inclusion 0.0221 24 20 30 37
inclusion 0.0221 120 164 128 178
inclusion 0.0221 36 176 45 187
inclusion 0.0220 6 75 16 86
inclusion 0.0220 109 166 123 176
inclusion 0.0220 0 110 6 119
inclusion 0.0220 136 22 146 33
inclusion 0.0220 6 169 16 180
inclusion 0.0220 124 0 132 8
inclusion 0.0220 163 154 174 163
inclusion 0.0220 30 153 39 163
inclusion 0.0220 72 79 77 99
inclusion 0.0220 99 26 109 35
inclusion 0.0219 0 51 9 65
inclusion 0.0219 106 0 117 7
inclusion 0.0219 45 27 55 36
inclusion 0.0219 53 109 63 120
inclusion 0.0219 193 156 200 166
inclusion 0.0219 58 128 70 139
inclusion 0.0219 36 42 46 53
inclusion 0.0219 150 0 166 4
inclusion 0.0218 115 67 128 75
inclusion 0.0218 193 26 200 36
inclusion 0.0218 19 23 29 34
inclusion 0.0218 107 56 117 67
inclusion 0.0218 0 17 8 25
inclusion 0.0218 107 68 115 81
inclusion 0.0218 52 178 72 184
inclusion 0.0218 136 156 146 170
inclusion 0.0218 80 113 94 122
inclusion 0.0218 180 156 189 167
inclusion 0.0218 190 87 200 95
inclusion 0.0218 0 83 6 92
inclusion 0.0218 32 23 47 40
inclusion 0.0218 139 12 150 24
inclusion 0.0217 41 166 54 175
inclusion 0.0217 157 0 165 8
inclusion 0.0217 99 100 116 108
inclusion 0.0217 0 177 9 185
inclusion 0.0217 44 39 58 49
inclusion 0.0217 196 12 199 39
inclusion 0.0217 74 179 89 194
inclusion 0.0217 2 70 13 83
inclusion 0.0217 0 184 8 192
inclusion 0.0217 45 123 54 132
inclusion 0.0217 191 21 200 28
inclusion 0.0217 67 73 81 83
inclusion 0.0217 181 0 189 8
inclusion 0.0217 154 30 167 39
inclusion 0.0217 124 96 139 104
inclusion 0.0216 114 27 129 35
inclusion 0.0216 110 96 125 105
inclusion 0.0216 44 191 52 199
inclusion 0.0216 108 10 121 19
inclusion 0.0216 137 160 152 169
inclusion 0.0216 125 22 148 27
inclusion 0.0216 143 195 160 200
inclusion 0.0216 194 64 200 78
inclusion 0.0216 187 130 200 139
inclusion 0.0215 6 176 16 186
inclusion 0.0215 84 117 92 132
inclusion 0.0215 149 0 160 6
inclusion 0.0215 156 156 166 166
inclusion 0.0215 39 77 49 90
inclusion 0.0215 119 65 129 76
inclusion 0.0215 112 195 130 200
inclusion 0.0215 89 112 100 123
inclusion 0.0215 158 137 170 145
inclusion 0.0215 163 103 173 113
inclusion 0.0215 86 6 96 16
inclusion 0.0215 176 158 187 169
inclusion 0.0214 100 75 108 88
inclusion 0.0214 190 171 198 185
inclusion 0.0214 150 35 159 47
inclusion 0.0214 49 127 61 137
inclusion 0.0214 102 71 113 84
inclusion 0.0214 116 122 127 133
inclusion 0.0214 40 172 49 184
inclusion 0.0214 193 23 200 32
inclusion 0.0214 44 168 52 182
inclusion 0.0213 75 74 80 90
inclusion 0.0213 196 64 199 87
inclusion 0.0213 0 43 6 52
inclusion 0.0213 36 0 53 5
inclusion 0.0213 10 17 19 32
inclusion 0.0213 14 19 23 31
inclusion 0.0213 193 176 200 186
inclusion 0.0213 184 0 192 8
inclusion 0.0213 193 146 200 156
inclusion 0.0213 74 0 82 8
inclusion 0.0213 0 27 8 35
inclusion 0.0213 0 40 3 65
inclusion 0.0213 193 153 200 162
inclusion 0.0212 195 54 200 68
inclusion 0.0212 156 96 166 107
inclusion 0.0212 125 140 136 149
inclusion 0.0212 118 60 124 76
inclusion 0.0212 37 134 51 142
inclusion 0.0212 9 0 26 4
inclusion 0.0212 36 71 46 82
inclusion 0.0212 43 173 54 184
inclusion 0.0212 110 66 119 77
inclusion 0.0212 191 71 200 78
inclusion 0.0212 165 120 176 129
inclusion 0.0212 0 7 9 22
inclusion 0.0212 0 114 8 122
inclusion 0.0212 160 75 169 87
inclusion 0.0211 131 160 138 175
inclusion 0.0211 162 26 172 37
inclusion 0.0211 177 29 186 40
inclusion 0.0211 41 164 61 169
inclusion 0.0211 96 190 113 199
inclusion 0.0211 22 19 32 30
inclusion 0.0211 23 130 31 143
inclusion 0.0211 169 30 181 39
inclusion 0.0211 164 32 173 44
inclusion 0.0211 69 124 79 136
inclusion 0.0211 185 143 196 153
inclusion 0.0211 125 142 136 153
inclusion 0.0211 73 133 82 144
inclusion 0.0211 27 136 36 147
inclusion 0.0210 99 17 109 27
inclusion 0.0210 193 39 200 49
inclusion 0.0210 62 99 67 120
inclusion 0.0210 154 190 161 199
inclusion 0.0210 47 132 56 144
inclusion 0.0210 14 73 28 82
inclusion 0.0210 78 69 92 78
inclusion 0.0210 178 135 184 152
inclusion 0.0210 7 25 14 37
inclusion 0.0210 171 150 178 165
inclusion 0.0210 95 70 106 83
inclusion 0.0209 30 132 40 143
inclusion 0.0209 36 104 51 111
inclusion 0.0209 0 141 10 155
inclusion 0.0209 29 57 42 66
inclusion 0.0209 196 143 199 170
inclusion 0.0209 164 182 171 194
inclusion 0.0209 59 113 70 123
inclusion 0.0209 17 142 25 153
inclusion 0.0209 189 121 200 135
inclusion 0.0209 48 169 55 184
inclusion 0.0209 110 62 119 74
inclusion 0.0209 19 177 29 187
inclusion 0.0209 132 56 143 67
inclusion 0.0208 177 144 191 152
inclusion 0.0208 68 102 74 121
inclusion 0.0208 79 117 89 127
inclusion 0.0208 61 178 83 183
inclusion 0.0208 25 108 31 121
inclusion 0.0208 100 88 108 103
inclusion 0.0208 190 94 200 102
inclusion 0.0208 56 147 72 164
inclusion 0.0208 21 73 35 82
inclusion 0.0208 168 36 180 46
inclusion 0.0208 82 196 110 199
inclusion 0.0208 38 63 52 71
inclusion 0.0208 164 0 172 9
inclusion 0.0208 46 181 55 193
inclusion 0.0207 109 100 124 109
inclusion 0.0207 112 28 123 39
inclusion 0.0207 52 153 62 164
inclusion 0.0207 190 44 200 52
inclusion 0.0207 76 66 87 76
inclusion 0.0207 121 60 134 69
inclusion 0.0207 103 52 113 64
inclusion 0.0206 187 0 195 8
inclusion 0.0206 10 143 24 152
inclusion 0.0206 34 34 49 49
inclusion 0.0206 34 5 42 17
inclusion 0.0206 176 144 185 157
inclusion 0.0206 156 40 166 50
inclusion 0.0206 17 24 25 40
inclusion 0.0206 160 191 177 200
inclusion 0.0206 135 5 148 15
inclusion 0.0206 195 148 200 162
inclusion 0.0205 185 172 196 183
inclusion 0.0205 13 16 23 26
inclusion 0.0205 27 56 36 68
inclusion 0.0205 184 58 192 71
inclusion 0.0205 33 179 42 191
inclusion 0.0205 153 9 163 20
inclusion 0.0205 39 43 50 52
inclusion 0.0205 101 64 118 78
inclusion 0.0205 32 37 44 46
inclusion 0.0204 187 9 195 20
inclusion 0.0204 28 50 40 58
inclusion 0.0204 195 104 200 118
inclusion 0.0204 176 126 188 136
inclusion 0.0204 103 87 112 96
inclusion 0.0204 137 97 151 106
inclusion 0.0204 171 0 178 8
inclusion 0.0204 182 96 193 107
inclusion 0.0204 18 26 29 36
inclusion 0.0204 156 82 166 93
inclusion 0.0204 100 69 108 84
inclusion 0.0204 196 177 199 200
inclusion 0.0204 27 47 39 56
inclusion 0.0204 143 21 153 33
inclusion 0.0204 0 94 9 108
inclusion 0.0204 90 169 106 178
inclusion 0.0204 9 71 20 83
inclusion 0.0203 133 102 143 113
inclusion 0.0203 183 124 197 133
inclusion 0.0203 178 27 184 45
inclusion 0.0203 121 164 134 172
inclusion 0.0203 190 54 200 62
inclusion 0.0203 67 81 75 95
inclusion 0.0203 45 159 63 176
inclusion 0.0203 159 153 170 163
inclusion 0.0203 4 170 11 186
inclusion 0.0203 127 24 140 32
inclusion 0.0203 35 184 48 193
inclusion 0.0203 194 40 200 55
inclusion 0.0203 165 133 176 143
inclusion 0.0203 113 135 123 146
inclusion 0.0203 11 0 18 8
inclusion 0.0203 10 13 19 23
inclusion 0.0203 43 137 52 147
inclusion 0.0203 165 13 176 23
inclusion 0.0202 123 160 138 169
inclusion 0.0202 187 100 199 108
inclusion 0.0202 186 179 196 191
inclusion 0.0202 11 189 18 199
inclusion 0.0202 0 30 9 45
inclusion 0.0202 169 38 179 50
inclusion 0.0202 195 168 200 182
inclusion 0.0202 113 65 122 77
inclusion 0.0202 49 123 59 134
inclusion 0.0202 152 33 163 42
inclusion 0.0202 63 188 81 194
inclusion 0.0202 47 192 55 199
inclusion 0.0201 85 0 91 14
inclusion 0.0201 143 8 153 21
inclusion 0.0201 21 49 35 59
inclusion 0.0201 191 119 198 132
inclusion 0.0201 133 9 142 20
inclusion 0.0201 144 30 157 39
inclusion 0.0201 152 75 163 87
inclusion 0.0201 153 147 169 154
inclusion 0.0201 56 61 66 74
inclusion 0.0201 86 182 96 193
inclusion 0.0201 153 29 163 40
inclusion 0.0201 174 0 182 8
inclusion 0.0201 181 125 194 135
inclusion 0.0201 36 26 47 38
inclusion 0.0201 106 53 117 63
inclusion 0.0200 154 0 162 8
inclusion 0.0200 179 178 189 190
inclusion 0.0200 64 136 78 145
inclusion 0.0200 44 125 52 141
inclusion 0.0200 0 104 3 129
inclusion 0.0200 146 33 156 44
inclusion 0.0200 166 26 176 37
inclusion 0.0200 180 100 194 109
