scratches 0.0390 32 48 38 67
scratches 0.0372 188 97 194 115
scratches 0.0362 26 28 47 34
scratches 0.0352 0 53 8 71
scratches 0.0332 48 138 72 143
scratches 0.0330 77 105 103 110
scratches 0.0322 0 39 25 44
scratches 0.0319 21 124 46 130
scratches 0.0310 0 67 8 83
scratches 0.0308 38 18 60 24
scratches 0.0301 23 55 41 61
scratches 0.0291 31 131 56 137
scratches 0.0289 196 0 199 20
scratches 0.0280 77 142 102 147
scratches 0.0277 151 192 200 199
scratches 0.0276 3 148 49 163
scratches 0.0274 68 57 74 74
scratches 0.0272 191 0 200 11
scratches 0.0269 89 188 109 194
scratches 0.0267 32 55 37 74
scratches 0.0265 0 61 8 77
scratches 0.0260 77 155 101 161
scratches 0.0259 41 138 64 143
scratches 0.0258 5 53 11 70
scratches 0.0255 188 149 194 169
scratches 0.0250 62 138 83 144
scratches 0.0248 114 192 166 199
scratches 0.0243 5 13 10 31
scratches 0.0243 191 92 200 97
scratches 0.0241 29 48 41 65
scratches 0.0237 0 15 22 20
scratches 0.0236 0 62 20 67
scratches 0.0235 8 45 14 67
scratches 0.0235 12 22 17 42
scratches 0.0234 16 182 42 186
scratches 0.0233 95 73 101 91
scratches 0.0233 71 45 92 50
scratches 0.0232 196 62 199 91
scratches 0.0229 73 25 94 30
scratches 0.0228 0 52 19 57
scratches 0.0225 77 22 101 27
scratches 0.0223 39 131 63 137
scratches 0.0223 196 90 199 116
scratches 0.0222 49 13 55 30
scratches 0.0221 191 164 200 200
scratches 0.0221 156 196 185 199
scratches 0.0219 42 57 64 63
scratches 0.0218 1 45 21 50
scratches 0.0218 43 8 70 14
scratches 0.0218 5 108 11 126
scratches 0.0217 183 183 199 198
scratches 0.0217 21 68 44 73
scratches 0.0216 8 42 30 47
scratches 0.0215 171 7 178 24
scratches 0.0214 33 51 42 63
scratches 0.0213 189 180 200 200
scratches 0.0213 36 35 56 41
scratches 0.0212 12 65 35 70
scratches 0.0211 31 75 50 80
scratches 0.0209 86 75 108 80
scratches 0.0208 18 53 24 70
scratches 0.0208 32 51 55 57
scratches 0.0208 25 51 31 68
scratches 0.0207 111 25 135 30
scratches 0.0207 91 28 114 34
scratches 0.0206 0 58 20 64
scratches 0.0206 29 31 50 37
scratches 0.0206 196 79 199 105
scratches 0.0205 35 65 57 70
scratches 0.0204 188 183 194 199
scratches 0.0204 190 182 200 187
scratches 0.0204 181 196 200 200
scratches 0.0203 0 74 8 90
scratches 0.0203 5 156 47 169
scratches 0.0202 65 71 87 77
scratches 0.0201 182 112 200 117
scratches 0.0200 107 196 135 199
rolled-in_scale 0.0205 179 10 196 25
patches 0.9804 1 83 76 134
patches 0.9727 0 132 83 199
patches 0.9422 0 0 41 48
patches 0.7608 0 88 81 178
patches 0.7313 105 10 192 200
patches 0.5703 101 0 172 24
patches 0.1409 0 9 59 93
patches 0.1356 1 1 77 42
patches 0.1238 103 0 138 26
patches 0.1169 0 6 18 44
patches 0.1107 57 152 87 199
patches 0.0992 0 182 11 200
patches 0.0959 99 73 127 132
patches 0.0945 81 52 112 81
patches 0.0945 97 142 128 194
patches 0.0924 0 3 8 49
patches 0.0917 0 134 42 200
patches 0.0912 0 92 16 181
patches 0.0903 0 79 14 99
patches 0.0900 0 0 8 27
patches 0.0894 0 111 14 135
patches 0.0891 182 136 200 200
patches 0.0869 77 0 140 19
patches 0.0860 103 0 132 3
patches 0.0858 38 142 72 171
patches 0.0853 192 104 199 164
patches 0.0846 0 0 32 8
patches 0.0831 0 191 23 200
patches 0.0820 0 86 39 136
patches 0.0814 0 0 14 13
patches 0.0812 113 0 186 38
patches 0.0809 168 0 193 41
patches 0.0808 138 0 168 3
patches 0.0789 82 45 114 99
patches 0.0782 37 86 78 138
patches 0.0782 93 152 142 199
patches 0.0779 149 0 181 33
patches 0.0778 121 0 173 7
patches 0.0777 0 1 51 25
patches 0.0769 98 90 129 168
patches 0.0763 0 0 20 19
patches 0.0755 113 21 139 112
patches 0.0752 51 145 83 173
patches 0.0750 0 24 10 55
patches 0.0749 0 34 15 51
patches 0.0744 102 113 120 143
patches 0.0743 45 51 58 60
patches 0.0737 0 150 19 200
patches 0.0735 49 105 81 138
patches 0.0725 10 1 85 24
patches 0.0724 50 187 74 199
patches 0.0724 22 157 87 199
patches 0.0721 33 70 69 100
patches 0.0714 0 100 7 155
patches 0.0712 0 0 25 3
patches 0.0711 98 7 155 45
patches 0.0703 109 12 142 73
patches 0.0698 155 0 180 58
patches 0.0697 96 0 112 17
patches 0.0688 60 182 77 199
patches 0.0684 153 135 199 196
patches 0.0681 0 196 18 199
patches 0.0678 0 14 15 33
patches 0.0670 38 143 74 156
patches 0.0667 104 0 111 11
patches 0.0666 49 0 67 7
patches 0.0663 101 102 121 134
patches 0.0655 179 0 199 35
patches 0.0651 0 29 3 55
patches 0.0646 165 163 198 196
patches 0.0643 0 115 23 129
patches 0.0642 102 182 119 199
patches 0.0641 74 140 103 173
patches 0.0638 73 0 97 38
patches 0.0634 97 2 130 40
patches 0.0633 3 82 27 96
patches 0.0631 196 118 199 148
patches 0.0623 0 41 15 57
patches 0.0622 67 61 106 89
patches 0.0620 51 177 84 199
patches 0.0619 0 0 3 19
patches 0.0619 189 143 199 182
patches 0.0616 0 168 9 200
patches 0.0614 8 0 38 3
patches 0.0614 0 41 10 48
patches 0.0613 64 185 85 199
patches 0.0610 0 67 10 98
patches 0.0608 44 0 97 30
patches 0.0607 147 0 196 19
patches 0.0606 0 27 15 46
patches 0.0605 167 0 192 3
patches 0.0605 0 83 22 119
patches 0.0604 41 191 82 199
patches 0.0603 0 113 19 149
patches 0.0602 88 0 104 17
patches 0.0600 0 8 3 37
patches 0.0599 102 95 133 130
patches 0.0594 117 0 150 3
patches 0.0591 77 31 121 87
patches 0.0588 0 178 41 200
patches 0.0585 117 13 139 31
patches 0.0584 58 0 115 44
patches 0.0583 100 1 177 96
patches 0.0582 46 0 74 4
patches 0.0582 0 71 27 110
patches 0.0581 84 140 111 175
patches 0.0581 108 183 125 198
patches 0.0576 0 105 3 133
patches 0.0576 72 152 96 198
patches 0.0575 34 123 70 136
patches 0.0574 0 115 39 173
patches 0.0573 0 120 17 139
patches 0.0570 24 6 59 35
patches 0.0570 1 23 14 106
patches 0.0570 0 18 3 48
patches 0.0569 0 184 3 200
patches 0.0568 0 8 19 23
patches 0.0567 94 173 114 200
patches 0.0567 9 191 54 199
patches 0.0564 114 16 131 44
patches 0.0563 44 146 67 165
patches 0.0563 96 189 126 200
patches 0.0560 87 60 106 87
patches 0.0560 0 27 8 76
patches 0.0559 0 87 9 126
patches 0.0557 45 149 79 163
patches 0.0557 62 0 106 25
patches 0.0554 0 103 14 126
patches 0.0553 120 171 159 198
patches 0.0552 187 114 200 142
patches 0.0552 11 23 33 46
patches 0.0552 186 165 199 183
patches 0.0550 58 0 89 3
patches 0.0550 101 0 108 10
patches 0.0549 9 129 51 142
patches 0.0549 111 12 133 29
patches 0.0548 0 0 12 4
patches 0.0548 184 98 200 135
patches 0.0548 147 0 165 16
patches 0.0546 120 185 138 199
patches 0.0545 10 12 40 44
patches 0.0545 0 75 7 116
patches 0.0544 150 0 175 3
patches 0.0542 102 74 117 106
patches 0.0541 84 0 133 7
patches 0.0540 0 5 12 30
patches 0.0540 20 0 38 18
patches 0.0540 38 140 60 161
patches 0.0539 103 0 144 9
patches 0.0537 45 119 80 144
patches 0.0536 0 125 12 149
patches 0.0536 100 134 181 196
patches 0.0535 188 158 199 191
patches 0.0535 181 120 200 137
patches 0.0535 94 66 110 96
patches 0.0532 27 0 44 17
patches 0.0532 111 4 144 35
patches 0.0530 0 95 20 134
patches 0.0529 171 177 189 192
patches 0.0528 72 181 138 199
patches 0.0528 0 25 33 56
patches 0.0527 102 171 118 196
patches 0.0527 69 178 83 199
patches 0.0527 194 127 200 143
patches 0.0526 0 0 11 8
patches 0.0525 181 0 197 17
patches 0.0525 16 122 60 136
patches 0.0525 51 86 81 125
patches 0.0524 114 58 134 81
patches 0.0523 122 17 137 47
patches 0.0523 107 0 115 11
patches 0.0522 0 32 16 64
patches 0.0522 95 15 128 74
patches 0.0519 72 0 89 9
patches 0.0519 114 184 132 198
patches 0.0518 163 178 199 200
patches 0.0517 74 0 81 11
patches 0.0517 196 166 199 190
patches 0.0516 0 44 11 51
patches 0.0514 186 45 199 160
patches 0.0514 110 0 118 11
patches 0.0513 0 37 10 44
patches 0.0513 101 0 117 8
patches 0.0512 81 163 118 194
patches 0.0512 20 98 95 199
patches 0.0512 0 59 3 86
patches 0.0512 0 68 10 74
patches 0.0509 132 1 181 67
patches 0.0508 108 16 149 28
patches 0.0508 190 128 200 135
patches 0.0508 3 0 29 13
patches 0.0508 123 39 138 73
patches 0.0507 0 77 3 102
patches 0.0507 71 0 95 3
patches 0.0507 180 168 200 197
patches 0.0506 109 161 141 196
patches 0.0503 106 47 140 79
patches 0.0501 168 0 199 22
patches 0.0500 85 0 118 33
patches 0.0500 183 0 198 67
patches 0.0499 0 114 11 120
patches 0.0498 103 64 142 115
patches 0.0498 161 0 178 20
patches 0.0498 95 41 125 110
patches 0.0497 0 172 3 197
patches 0.0496 63 169 94 197
patches 0.0496 0 30 27 81
patches 0.0492 100 58 116 91
patches 0.0492 196 143 199 168
patches 0.0492 0 76 20 90
patches 0.0491 171 33 190 142
patches 0.0489 98 135 110 178
patches 0.0488 0 48 11 54
patches 0.0485 184 107 200 126
patches 0.0485 194 193 200 200
patches 0.0485 195 119 200 137
patches 0.0485 77 0 86 9
patches 0.0485 103 80 129 98
patches 0.0483 176 120 188 170
patches 0.0483 43 129 80 141
patches 0.0483 0 16 12 43
patches 0.0482 49 145 63 172
patches 0.0482 0 33 9 49
patches 0.0481 12 127 36 145
patches 0.0481 196 40 199 65
patches 0.0479 191 131 200 138
patches 0.0477 192 84 199 145
patches 0.0477 102 0 121 25
patches 0.0475 108 113 123 147
patches 0.0475 1 71 18 96
patches 0.0474 154 0 171 18
patches 0.0472 64 190 96 199
patches 0.0471 150 171 186 198
patches 0.0470 134 0 171 19
patches 0.0469 0 49 3 77
patches 0.0468 0 34 10 41
patches 0.0468 71 0 78 11
patches 0.0468 180 143 196 172
patches 0.0467 190 187 200 200
patches 0.0467 0 191 10 199
patches 0.0466 88 0 112 59
patches 0.0465 133 172 172 198
patches 0.0465 26 196 54 200
patches 0.0465 186 8 199 116
patches 0.0464 0 123 7 179
patches 0.0464 184 126 200 145
patches 0.0463 184 99 198 192
patches 0.0462 190 196 200 199
patches 0.0462 196 184 199 200
patches 0.0462 0 0 29 30
patches 0.0462 0 95 3 124
patches 0.0461 0 24 10 31
patches 0.0461 104 120 117 157
patches 0.0460 185 47 200 64
patches 0.0460 0 81 11 87
patches 0.0458 0 78 10 84
patches 0.0458 189 169 200 200
patches 0.0457 169 0 192 80
patches 0.0457 8 0 64 7
patches 0.0457 0 50 96 115
patches 0.0456 142 0 174 10
patches 0.0456 58 98 78 125
patches 0.0455 30 89 71 102
patches 0.0454 185 40 200 57
patches 0.0454 195 146 200 162
patches 0.0453 0 52 10 58
patches 0.0453 196 77 199 101
patches 0.0452 57 84 74 99
patches 0.0451 194 169 200 184
patches 0.0451 67 0 84 13
patches 0.0451 125 12 147 33
patches 0.0450 104 183 141 197
patches 0.0450 182 148 200 164
patches 0.0450 0 85 14 110
patches 0.0450 157 0 165 11
patches 0.0449 143 0 157 20
patches 0.0449 145 0 164 9
patches 0.0449 194 0 200 6
patches 0.0448 47 132 65 155
patches 0.0448 191 117 200 133
patches 0.0448 168 0 185 19
patches 0.0447 48 69 67 96
patches 0.0447 49 181 65 199
patches 0.0447 34 77 53 102
patches 0.0446 184 106 197 158
patches 0.0445 170 76 191 177
patches 0.0444 11 0 44 9
patches 0.0444 0 18 10 24
patches 0.0444 63 155 92 170
patches 0.0444 87 59 131 120
patches 0.0444 57 7 111 92
patches 0.0443 191 135 200 141
patches 0.0442 0 55 10 61
patches 0.0442 193 49 200 59
patches 0.0440 134 186 152 198
patches 0.0440 0 108 21 123
patches 0.0439 181 155 200 171
patches 0.0439 99 71 119 94
patches 0.0439 96 122 111 153
patches 0.0439 111 191 157 199
patches 0.0439 11 121 38 138
patches 0.0439 0 5 11 11
patches 0.0439 180 163 200 178
patches 0.0439 107 0 123 10
patches 0.0439 40 81 71 99
patches 0.0438 0 85 12 90
patches 0.0438 112 22 151 36
patches 0.0437 61 149 93 163
patches 0.0437 32 2 58 58
patches 0.0437 0 128 3 158
patches 0.0436 191 124 200 139
patches 0.0436 16 188 43 199
patches 0.0436 0 11 10 18
patches 0.0436 170 0 186 5
patches 0.0435 95 0 120 3
patches 0.0435 175 183 191 198
patches 0.0435 119 31 147 68
patches 0.0435 136 0 150 20
patches 0.0434 175 0 182 10
patches 0.0434 105 118 129 139
patches 0.0434 30 188 57 199
patches 0.0433 109 74 124 107
patches 0.0433 191 151 200 158
patches 0.0433 0 2 18 83
patches 0.0432 182 115 199 130
patches 0.0431 169 4 183 43
patches 0.0431 144 0 191 7
patches 0.0430 0 21 10 28
patches 0.0430 100 163 163 197
patches 0.0430 1 34 29 50
patches 0.0430 50 0 60 8
patches 0.0429 0 40 3 66
patches 0.0429 99 90 146 138
patches 0.0428 101 122 136 135
patches 0.0428 23 0 49 3
patches 0.0428 136 0 155 8
patches 0.0427 77 0 113 17
patches 0.0426 0 75 10 81
patches 0.0426 0 72 10 78
patches 0.0426 0 28 11 34
patches 0.0425 57 176 112 200
patches 0.0425 97 102 110 142
patches 0.0425 97 129 129 142
patches 0.0424 0 182 27 198
patches 0.0424 9 168 64 200
patches 0.0424 0 127 48 152
patches 0.0423 115 65 134 89
patches 0.0423 156 0 184 3
patches 0.0423 176 191 200 200
patches 0.0423 196 22 199 49
patches 0.0422 38 66 82 116
patches 0.0422 28 182 44 199
patches 0.0422 84 196 107 200
patches 0.0421 0 47 15 64
patches 0.0421 105 43 144 102
patches 0.0421 81 55 128 91
patches 0.0421 56 0 72 7
patches 0.0420 0 23 18 39
patches 0.0420 89 184 104 199
patches 0.0420 118 48 128 89
patches 0.0420 0 65 10 71
patches 0.0420 0 111 10 118
patches 0.0419 109 0 130 7
patches 0.0419 57 79 84 144
patches 0.0418 0 125 11 131
patches 0.0418 93 82 123 96
patches 0.0418 127 19 149 43
patches 0.0417 28 111 82 169
patches 0.0417 134 0 164 11
patches 0.0416 185 94 200 111
patches 0.0416 117 24 129 71
patches 0.0416 40 185 59 199
patches 0.0415 126 167 196 197
patches 0.0415 196 110 199 137
patches 0.0415 22 182 38 199
patches 0.0414 97 180 128 198
patches 0.0414 77 39 110 75
patches 0.0414 185 101 200 119
patches 0.0414 0 49 29 99
patches 0.0414 175 126 197 145
patches 0.0414 51 155 83 168
patches 0.0413 88 164 107 187
patches 0.0413 121 13 159 74
patches 0.0412 0 85 3 109
patches 0.0412 190 121 200 128
patches 0.0412 28 76 45 102
patches 0.0412 52 143 71 167
patches 0.0410 111 26 135 45
patches 0.0410 190 125 200 131
patches 0.0410 0 181 11 187
patches 0.0410 0 58 10 64
patches 0.0410 57 0 103 8
patches 0.0409 107 71 127 95
patches 0.0409 35 182 50 199
patches 0.0409 0 129 21 143
patches 0.0409 191 148 200 155
patches 0.0408 14 0 32 18
patches 0.0408 101 89 135 102
patches 0.0408 163 127 188 143
patches 0.0408 112 57 136 134
patches 0.0408 101 126 122 146
patches 0.0407 190 175 199 181
patches 0.0407 77 61 106 76
patches 0.0406 99 66 132 101
patches 0.0406 0 120 3 147
patches 0.0406 176 126 198 185
patches 0.0406 46 130 81 154
patches 0.0405 0 56 46 130
patches 0.0404 108 4 125 31
patches 0.0404 168 48 191 64
patches 0.0404 104 57 126 82
patches 0.0404 0 67 16 141
patches 0.0403 176 44 187 92
patches 0.0403 185 79 194 139
patches 0.0403 80 0 97 16
patches 0.0403 0 118 11 124
patches 0.0402 0 15 10 21
patches 0.0402 0 62 10 68
patches 0.0402 0 30 5 46
patches 0.0399 182 151 197 187
patches 0.0399 190 188 200 194
patches 0.0398 113 195 129 200
patches 0.0398 55 88 75 95
patches 0.0396 98 157 105 174
patches 0.0396 125 0 147 8
patches 0.0396 0 135 21 149
patches 0.0395 190 118 199 124
patches 0.0395 182 141 200 157
patches 0.0395 193 183 200 193
patches 0.0394 190 0 200 32
patches 0.0393 183 131 200 169
patches 0.0393 117 60 129 104
patches 0.0393 35 0 52 17
patches 0.0393 35 83 72 114
patches 0.0393 177 0 185 8
patches 0.0392 75 62 94 89
patches 0.0392 76 147 101 164
patches 0.0392 170 0 179 8
patches 0.0390 0 131 11 138
patches 0.0389 176 53 198 72
patches 0.0389 175 94 196 110
patches 0.0389 84 147 109 165
patches 0.0389 0 0 5 8
patches 0.0387 176 104 189 146
patches 0.0387 193 82 200 93
patches 0.0387 169 14 199 47
patches 0.0387 75 0 90 18
patches 0.0387 0 13 4 30
patches 0.0387 110 196 137 199
patches 0.0387 77 155 100 172
patches 0.0386 101 0 124 14
patches 0.0386 127 185 145 199
patches 0.0386 190 185 200 191
patches 0.0385 0 31 11 38
patches 0.0385 57 100 89 135
patches 0.0385 90 149 103 181
patches 0.0385 16 0 53 18
patches 0.0385 190 178 200 184
patches 0.0385 0 63 4 79
patches 0.0384 193 1 200 51
patches 0.0384 0 105 11 111
patches 0.0384 84 22 110 84
patches 0.0383 0 122 12 127
patches 0.0383 52 196 80 199
patches 0.0383 101 4 118 11
patches 0.0383 110 186 119 197
patches 0.0383 154 0 162 10
patches 0.0383 16 11 39 33
patches 0.0382 186 0 200 3
patches 0.0382 59 138 79 162
patches 0.0381 197 0 199 27
patches 0.0380 176 65 187 114
patches 0.0380 184 65 200 98
patches 0.0379 61 145 77 177
patches 0.0379 148 12 182 77
patches 0.0378 193 175 200 186
patches 0.0378 96 116 129 130
patches 0.0378 67 144 85 171
patches 0.0378 34 137 82 187
patches 0.0377 98 0 113 5
patches 0.0377 176 61 197 78
patches 0.0377 177 19 199 70
patches 0.0377 78 66 119 102
patches 0.0376 0 51 4 66
patches 0.0376 74 180 90 199
patches 0.0376 166 0 183 8
patches 0.0375 191 130 200 146
patches 0.0374 195 50 200 65
patches 0.0374 0 108 11 115
patches 0.0374 196 54 199 79
patches 0.0374 127 27 135 44
patches 0.0374 190 168 200 174
patches 0.0373 190 176 200 192
patches 0.0373 79 48 97 54
patches 0.0373 0 35 5 51
patches 0.0372 76 141 89 180
patches 0.0372 46 44 63 59
patches 0.0372 58 85 79 107
patches 0.0371 119 196 146 199
patches 0.0371 175 81 197 97
patches 0.0371 190 41 200 48
patches 0.0370 4 72 39 97
patches 0.0370 89 141 113 200
patches 0.0370 7 117 27 143
patches 0.0370 109 16 125 42
patches 0.0370 193 45 200 56
patches 0.0369 167 149 199 188
patches 0.0369 41 51 85 95
patches 0.0369 101 85 121 109
patches 0.0369 147 185 164 198
patches 0.0368 117 28 149 43
patches 0.0368 55 69 70 104
patches 0.0368 6 83 47 97
patches 0.0367 154 185 171 198
patches 0.0367 186 173 200 188
patches 0.0367 6 137 70 177
patches 0.0367 51 66 83 101
patches 0.0366 15 135 50 149
patches 0.0366 48 152 68 159
patches 0.0366 0 23 9 40
patches 0.0365 56 114 89 146
patches 0.0365 173 141 196 157
patches 0.0365 0 188 5 200
patches 0.0364 190 27 200 41
patches 0.0364 193 179 200 190
patches 0.0364 0 128 11 134
patches 0.0364 184 78 200 113
patches 0.0363 54 51 104 93
patches 0.0362 89 74 115 91
patches 0.0362 160 185 178 199
patches 0.0362 148 0 166 5
patches 0.0362 0 134 11 141
patches 0.0362 0 57 4 72
patches 0.0361 54 131 72 153
patches 0.0361 172 178 190 185
patches 0.0361 37 181 76 199
patches 0.0360 62 0 82 7
patches 0.0360 6 117 46 130
patches 0.0359 86 194 97 200
patches 0.0359 168 0 196 10
patches 0.0359 109 41 139 58
patches 0.0358 50 69 67 82
patches 0.0358 68 0 74 10
patches 0.0358 80 0 88 10
patches 0.0357 130 140 192 189
patches 0.0357 15 196 43 200
patches 0.0357 193 30 199 96
patches 0.0357 168 40 193 57
patches 0.0357 1 88 23 103
patches 0.0355 39 75 61 103
patches 0.0355 82 191 114 200
patches 0.0354 184 45 200 79
patches 0.0354 150 0 158 9
patches 0.0354 99 94 156 174
patches 0.0354 85 154 109 173
patches 0.0353 184 34 200 51
patches 0.0353 104 80 116 123
patches 0.0353 40 131 58 157
patches 0.0353 191 144 200 159
patches 0.0353 170 196 196 199
patches 0.0353 110 52 122 96
patches 0.0352 174 43 190 68
patches 0.0352 56 33 71 50
patches 0.0352 158 97 198 176
patches 0.0352 82 155 96 185
patches 0.0352 0 8 11 14
patches 0.0352 175 0 191 18
patches 0.0352 64 196 87 200
patches 0.0352 60 104 86 183
patches 0.0351 55 116 104 196
patches 0.0351 196 129 199 158
patches 0.0350 92 139 116 158
patches 0.0350 60 0 68 9
patches 0.0350 91 171 125 197
patches 0.0350 191 85 200 91
patches 0.0350 115 18 147 46
patches 0.0350 183 33 200 66
patches 0.0349 196 0 199 12
patches 0.0349 94 196 118 200
patches 0.0349 52 104 83 118
patches 0.0348 189 165 200 171
patches 0.0348 183 73 195 107
patches 0.0348 0 168 14 187
patches 0.0348 119 193 130 200
patches 0.0348 168 28 194 61
patches 0.0347 0 74 4 89
patches 0.0347 168 184 185 199
patches 0.0347 65 112 84 142
patches 0.0346 117 53 143 72
patches 0.0346 168 0 174 10
patches 0.0346 169 195 186 200
patches 0.0346 190 145 200 151
patches 0.0346 53 64 95 113
patches 0.0345 169 13 181 63
patches 0.0345 0 153 15 172
patches 0.0345 62 89 76 135
patches 0.0344 54 92 81 111
patches 0.0344 184 134 200 152
patches 0.0344 185 87 200 104
patches 0.0344 190 171 200 178
patches 0.0344 81 181 97 199
patches 0.0344 61 67 75 105
patches 0.0343 6 11 30 36
patches 0.0343 181 181 197 199
patches 0.0342 195 114 200 130
patches 0.0342 176 139 188 182
patches 0.0342 190 182 200 187
patches 0.0342 63 0 77 20
patches 0.0342 51 34 106 80
patches 0.0342 126 194 136 200
patches 0.0341 0 80 5 96
patches 0.0341 101 17 134 29
patches 0.0341 36 0 87 48
patches 0.0341 31 0 57 12
patches 0.0341 15 73 28 82
patches 0.0341 82 174 113 191
patches 0.0340 191 138 200 144
patches 0.0340 69 194 80 200
patches 0.0339 84 0 108 3
patches 0.0338 95 0 110 9
patches 0.0336 92 117 116 140
patches 0.0335 92 134 122 149
patches 0.0335 125 32 132 51
patches 0.0335 193 29 200 39
patches 0.0335 188 27 199 35
patches 0.0335 190 44 200 51
patches 0.0335 17 69 57 99
patches 0.0335 104 0 119 5
patches 0.0334 25 118 48 139
patches 0.0334 147 0 155 9
patches 0.0334 93 195 109 200
patches 0.0333 98 7 131 23
patches 0.0333 190 88 200 94
patches 0.0333 73 152 92 177
patches 0.0333 98 121 125 154
patches 0.0333 190 55 200 61
patches 0.0332 6 21 25 48
patches 0.0332 52 38 73 44
patches 0.0331 196 93 199 120
patches 0.0331 25 125 47 148
patches 0.0331 19 21 37 49
patches 0.0331 190 155 200 161
patches 0.0331 42 0 60 16
patches 0.0330 113 46 135 68
patches 0.0330 0 112 9 129
patches 0.0330 110 20 134 38
patches 0.0330 0 176 18 192
patches 0.0330 190 31 200 37
patches 0.0330 185 81 200 98
patches 0.0330 175 88 197 104
patches 0.0330 0 77 9 92
patches 0.0329 54 142 83 158
patches 0.0329 68 57 85 83
patches 0.0329 70 35 83 80
patches 0.0329 188 136 200 163
patches 0.0328 43 2 128 62
patches 0.0328 101 151 109 169
patches 0.0328 190 115 200 121
patches 0.0328 98 0 105 8
patches 0.0328 121 58 141 79
patches 0.0328 175 101 196 118
patches 0.0328 38 196 69 199
patches 0.0327 137 189 162 198
patches 0.0327 95 8 113 35
patches 0.0327 140 0 148 9
patches 0.0327 195 57 200 72
patches 0.0327 0 89 13 94
patches 0.0327 0 109 5 125
patches 0.0327 163 0 179 4
patches 0.0326 169 129 184 161
patches 0.0326 190 38 200 44
patches 0.0326 0 178 11 185
patches 0.0326 64 0 71 9
patches 0.0325 5 123 58 162
patches 0.0324 75 15 96 21
patches 0.0324 40 0 61 7
patches 0.0324 129 4 142 38
patches 0.0323 2 29 25 45
patches 0.0323 92 141 114 148
patches 0.0323 42 138 56 169
patches 0.0322 53 0 62 9
patches 0.0321 82 142 97 173
patches 0.0321 0 185 11 190
patches 0.0321 113 0 122 9
patches 0.0321 2 118 14 165
patches 0.0321 0 50 5 60
patches 0.0320 56 91 76 97
patches 0.0320 177 187 186 198
patches 0.0320 94 76 113 99
patches 0.0320 88 190 94 199
patches 0.0319 191 0 198 10
patches 0.0318 100 25 153 64
patches 0.0318 109 111 135 131
patches 0.0318 0 42 7 97
patches 0.0318 74 196 98 200
patches 0.0318 55 32 75 38
patches 0.0318 178 47 198 102
patches 0.0317 190 48 200 55
patches 0.0317 195 140 200 157
patches 0.0316 0 193 6 200
patches 0.0316 52 83 83 97
patches 0.0316 81 91 88 106
patches 0.0316 66 54 110 113
patches 0.0316 190 15 200 21
patches 0.0315 27 0 85 6
patches 0.0315 114 76 133 101
patches 0.0315 35 0 72 17
patches 0.0315 101 72 108 90
patches 0.0314 127 191 174 198
patches 0.0314 36 0 66 3
patches 0.0314 0 20 5 36
patches 0.0314 57 0 65 9
patches 0.0314 91 191 98 200
patches 0.0313 87 191 103 200
patches 0.0313 190 151 200 165
patches 0.0313 12 21 42 37
patches 0.0312 0 138 8 194
patches 0.0312 190 12 200 18
patches 0.0312 0 67 9 82
patches 0.0312 131 0 138 11
patches 0.0312 193 136 200 146
patches 0.0311 163 0 175 37
patches 0.0311 128 65 150 71
patches 0.0311 59 63 78 92
patches 0.0311 22 104 82 141
patches 0.0311 126 37 146 44
patches 0.0311 0 188 12 194
patches 0.0311 0 124 9 140
patches 0.0311 53 123 73 145
patches 0.0311 0 48 39 72
patches 0.0310 0 52 17 85
patches 0.0310 88 61 120 78
patches 0.0310 61 83 76 116
patches 0.0310 60 45 87 119
patches 0.0310 8 0 14 9
patches 0.0310 10 183 49 199
patches 0.0310 185 74 200 91
patches 0.0310 80 68 111 84
patches 0.0309 127 32 135 50
patches 0.0309 134 185 142 197
patches 0.0309 48 0 55 9
patches 0.0309 0 141 20 156
patches 0.0309 181 90 196 116
patches 0.0309 124 54 135 95
patches 0.0309 26 131 45 156
patches 0.0309 83 140 109 158
patches 0.0308 190 162 200 168
patches 0.0308 161 0 168 10
patches 0.0308 47 52 69 58
patches 0.0308 177 75 198 129
patches 0.0308 196 8 199 37
patches 0.0308 0 63 13 88
patches 0.0307 77 195 92 200
patches 0.0307 144 0 152 9
patches 0.0307 175 23 196 174
patches 0.0307 124 20 136 63
patches 0.0307 0 148 20 162
patches 0.0306 115 29 133 54
patches 0.0306 47 124 67 146
patches 0.0306 164 45 199 72
patches 0.0306 0 99 17 119
patches 0.0306 194 89 200 99
patches 0.0306 93 135 120 171
patches 0.0306 177 25 187 72
patches 0.0306 47 149 56 161
patches 0.0305 127 0 135 10
patches 0.0305 59 191 76 200
patches 0.0305 0 54 9 69
patches 0.0305 175 193 186 200
patches 0.0305 0 137 10 145
patches 0.0305 156 108 197 147
patches 0.0305 174 68 196 84
patches 0.0305 88 29 137 67
patches 0.0304 15 182 31 199
patches 0.0304 188 0 200 8
patches 0.0304 0 17 8 33
patches 0.0303 91 89 112 171
patches 0.0303 147 18 198 43
patches 0.0303 68 152 85 185
patches 0.0303 110 68 140 83
patches 0.0303 193 40 200 49
patches 0.0301 118 0 139 7
patches 0.0301 40 124 60 147
patches 0.0301 66 126 85 155
patches 0.0301 0 61 8 76
patches 0.0301 95 84 114 90
patches 0.0301 193 99 200 110
patches 0.0301 112 85 133 107
patches 0.0301 186 193 196 200
patches 0.0301 58 83 65 99
patches 0.0300 17 0 24 10
patches 0.0300 69 151 91 157
patches 0.0300 85 158 192 200
patches 0.0300 70 148 90 154
patches 0.0300 44 0 51 10
patches 0.0300 71 180 104 198
patches 0.0300 146 188 169 195
patches 0.0299 190 58 200 64
patches 0.0299 78 14 124 60
patches 0.0299 174 75 197 90
patches 0.0299 190 42 199 54
patches 0.0298 0 69 19 84
patches 0.0298 161 138 198 170
patches 0.0298 193 55 200 66
patches 0.0298 163 10 171 27
patches 0.0298 0 162 18 177
patches 0.0298 5 196 34 199
patches 0.0298 174 0 189 7
patches 0.0298 0 101 11 107
patches 0.0298 189 25 200 31
patches 0.0297 151 192 200 199
patches 0.0297 175 175 195 182
patches 0.0297 190 158 200 164
patches 0.0297 92 148 120 163
patches 0.0297 109 34 140 50
patches 0.0296 97 81 113 88
patches 0.0296 144 121 192 179
patches 0.0296 96 80 111 115
patches 0.0296 109 192 120 200
patches 0.0296 92 4 141 60
patches 0.0295 109 188 126 195
patches 0.0295 100 10 122 30
patches 0.0295 75 147 88 156
patches 0.0295 80 98 117 129
patches 0.0295 95 159 101 176
patches 0.0295 55 41 74 48
patches 0.0294 127 31 145 38
patches 0.0294 53 135 91 185
patches 0.0294 29 81 60 98
patches 0.0294 157 1 170 37
patches 0.0293 153 0 168 8
patches 0.0293 191 37 199 76
patches 0.0293 172 4 194 27
patches 0.0293 89 135 105 168
patches 0.0293 48 71 67 78
patches 0.0293 59 0 77 12
patches 0.0293 161 18 187 38
patches 0.0293 43 153 65 161
patches 0.0293 185 67 200 84
patches 0.0293 191 84 200 98
patches 0.0292 130 196 158 199
patches 0.0292 72 175 104 190
patches 0.0292 0 103 5 119
patches 0.0292 174 70 189 96
patches 0.0292 69 61 82 99
patches 0.0292 110 184 160 196
patches 0.0292 42 94 74 109
patches 0.0292 127 34 145 41
patches 0.0291 66 0 83 5
patches 0.0291 14 0 21 10
patches 0.0291 105 95 125 101
patches 0.0291 142 183 157 198
patches 0.0291 0 103 61 139
patches 0.0290 97 69 132 84
patches 0.0290 190 11 200 25
patches 0.0290 103 135 116 178
patches 0.0290 125 40 131 56
patches 0.0290 16 0 96 66
patches 0.0289 150 168 169 175
patches 0.0289 109 62 139 97
patches 0.0289 113 114 132 144
patches 0.0288 13 89 59 102
patches 0.0288 167 35 196 50
patches 0.0288 71 4 87 11
patches 0.0287 167 72 199 100
patches 0.0287 108 62 141 76
patches 0.0287 138 184 200 199
patches 0.0287 0 175 5 191
patches 0.0287 195 152 200 169
patches 0.0287 130 30 142 74
patches 0.0287 117 191 125 200
patches 0.0287 34 84 51 91
patches 0.0287 79 98 98 105
patches 0.0287 9 0 27 4
patches 0.0286 119 51 138 57
patches 0.0286 58 42 79 69
patches 0.0286 81 63 89 77
patches 0.0286 181 0 187 10
patches 0.0286 128 187 135 198
patches 0.0286 167 180 187 188
patches 0.0286 102 26 131 60
patches 0.0285 117 42 149 56
patches 0.0285 109 122 122 160
patches 0.0285 187 0 196 6
patches 0.0285 176 195 192 200
patches 0.0285 30 81 43 116
patches 0.0285 163 134 187 151
patches 0.0285 88 80 116 140
patches 0.0284 176 172 191 195
patches 0.0284 0 134 9 150
patches 0.0283 10 124 24 156
patches 0.0283 31 0 38 10
patches 0.0283 23 52 69 95
patches 0.0283 57 127 87 143
patches 0.0283 66 99 86 123
patches 0.0283 0 61 40 86
patches 0.0283 147 181 169 195
patches 0.0282 70 29 85 59
patches 0.0282 137 0 145 10
patches 0.0282 15 1 39 24
patches 0.0282 19 77 39 101
patches 0.0282 24 0 31 10
patches 0.0282 28 0 34 10
patches 0.0282 55 35 73 41
patches 0.0282 88 183 102 192
patches 0.0281 183 21 200 38
patches 0.0281 121 55 158 69
patches 0.0281 166 59 199 86
patches 0.0280 2 33 51 56
patches 0.0280 103 2 114 13
patches 0.0280 121 0 128 10
patches 0.0279 113 190 130 199
patches 0.0279 83 58 102 73
patches 0.0279 0 136 11 164
patches 0.0279 11 0 18 9
patches 0.0279 0 120 28 157
patches 0.0279 0 7 5 23
patches 0.0279 134 0 141 10
patches 0.0278 110 25 122 70
patches 0.0278 163 119 190 138
patches 0.0278 66 121 82 129
patches 0.0278 193 13 200 22
patches 0.0277 10 61 28 67
patches 0.0277 68 155 91 161
patches 0.0277 179 192 189 200
patches 0.0277 13 71 31 95
patches 0.0277 120 48 137 54
patches 0.0277 194 93 200 103
patches 0.0277 48 190 68 200
patches 0.0277 19 61 38 68
patches 0.0277 23 142 61 156
patches 0.0276 56 68 74 75
patches 0.0276 3 7 37 23
patches 0.0276 117 187 126 198
patches 0.0276 191 82 200 88
patches 0.0276 186 180 200 195
patches 0.0276 129 14 142 55
patches 0.0276 191 27 200 62
patches 0.0276 183 192 193 200
patches 0.0275 133 195 150 199
patches 0.0275 196 158 199 184
patches 0.0275 53 73 69 81
patches 0.0274 7 72 25 95
patches 0.0274 106 178 121 195
patches 0.0274 94 191 102 200
patches 0.0274 170 39 191 76
patches 0.0274 184 28 200 44
patches 0.0273 105 48 126 55
patches 0.0273 0 69 5 80
patches 0.0273 193 36 200 46
patches 0.0273 44 75 76 90
patches 0.0273 160 14 187 54
patches 0.0273 171 43 181 96
patches 0.0272 66 42 88 69
patches 0.0272 189 50 199 59
patches 0.0272 160 14 190 31
patches 0.0272 95 162 115 189
patches 0.0272 0 92 13 98
patches 0.0271 193 57 199 118
patches 0.0271 181 196 200 200
patches 0.0271 114 0 133 4
patches 0.0271 46 91 66 122
patches 0.0271 158 4 179 29
patches 0.0270 79 45 97 51
patches 0.0270 40 1 111 19
patches 0.0270 36 136 75 148
patches 0.0270 193 16 200 26
patches 0.0269 76 48 94 75
patches 0.0269 136 1 150 43
patches 0.0269 99 193 109 200
patches 0.0269 159 29 189 43
patches 0.0269 195 3 200 19
patches 0.0269 33 14 53 21
patches 0.0269 81 128 113 160
patches 0.0269 0 46 5 56
patches 0.0268 82 46 92 56
patches 0.0268 9 0 23 22
patches 0.0268 72 62 94 68
patches 0.0268 170 94 199 133
patches 0.0268 126 66 143 84
patches 0.0267 22 86 50 106
patches 0.0267 90 0 102 30
patches 0.0267 102 97 124 104
patches 0.0267 188 189 194 200
patches 0.0267 110 15 131 21
patches 0.0267 63 63 89 87
patches 0.0267 165 24 184 47
patches 0.0267 23 12 47 33
patches 0.0267 30 191 39 199
patches 0.0267 100 28 128 43
patches 0.0267 125 45 148 51
patches 0.0267 173 132 191 154
patches 0.0266 0 99 9 116
patches 0.0266 60 127 77 154
patches 0.0266 190 141 200 148
patches 0.0265 190 8 200 14
patches 0.0265 187 166 199 175
patches 0.0265 167 85 199 114
patches 0.0265 56 83 89 114
patches 0.0265 189 162 200 176
patches 0.0264 0 97 11 104
patches 0.0264 191 92 200 97
patches 0.0264 102 184 115 192
patches 0.0264 157 187 166 197
patches 0.0264 174 56 190 82
patches 0.0264 193 166 200 177
patches 0.0263 63 181 85 188
patches 0.0263 57 121 87 137
patches 0.0263 185 32 196 93
patches 0.0263 64 106 85 130
patches 0.0262 59 0 76 5
patches 0.0262 17 81 108 153
patches 0.0262 47 44 66 51
patches 0.0262 99 180 166 199
patches 0.0262 32 21 63 72
patches 0.0261 131 58 138 74
patches 0.0261 191 61 200 67
patches 0.0261 162 18 176 53
patches 0.0261 64 108 82 114
patches 0.0261 25 194 43 199
patches 0.0261 88 90 104 120
patches 0.0261 190 159 198 172
patches 0.0261 107 194 123 200
patches 0.0261 159 126 180 146
patches 0.0261 193 32 200 43
patches 0.0261 112 95 135 101
patches 0.0261 106 37 127 62
patches 0.0261 47 152 66 168
patches 0.0260 13 0 30 9
patches 0.0260 21 137 58 168
patches 0.0260 100 181 119 187
patches 0.0260 158 0 179 7
patches 0.0260 104 94 111 112
patches 0.0260 135 190 148 199
patches 0.0259 63 136 98 163
patches 0.0259 9 58 29 65
patches 0.0259 19 0 37 9
patches 0.0259 21 0 28 10
patches 0.0259 56 81 71 116
patches 0.0259 104 138 127 144
patches 0.0259 167 68 187 75
patches 0.0258 176 0 191 5
patches 0.0258 31 90 69 127
patches 0.0258 108 4 132 10
patches 0.0258 83 114 101 121
patches 0.0258 155 19 179 118
patches 0.0257 79 0 96 7
patches 0.0257 190 105 200 111
patches 0.0257 129 0 143 19
patches 0.0257 98 126 155 166
patches 0.0257 183 171 200 177
patches 0.0257 190 65 200 71
patches 0.0257 191 69 199 107
patches 0.0257 107 41 123 74
patches 0.0257 122 29 141 56
patches 0.0257 45 33 78 86
patches 0.0256 0 127 4 144
patches 0.0256 107 81 141 96
patches 0.0256 67 84 84 111
patches 0.0256 101 190 108 199
patches 0.0256 127 35 148 61
patches 0.0256 183 53 196 86
patches 0.0255 23 0 142 40
patches 0.0255 182 0 192 9
patches 0.0255 87 181 105 188
patches 0.0255 75 97 89 106
patches 0.0255 121 176 137 197
patches 0.0255 76 144 88 153
patches 0.0255 86 88 121 103
patches 0.0254 46 48 66 54
patches 0.0254 80 67 100 74
patches 0.0254 38 78 45 94
patches 0.0253 192 97 200 106
patches 0.0253 188 58 200 81
patches 0.0253 99 48 116 77
patches 0.0253 102 14 118 43
patches 0.0253 168 121 199 164
patches 0.0253 0 3 10 18
patches 0.0253 136 193 146 200
patches 0.0253 94 4 117 27
patches 0.0253 170 32 181 78
patches 0.0253 190 101 200 108
patches 0.0253 83 193 93 200
patches 0.0252 80 40 95 56
patches 0.0252 164 0 172 8
patches 0.0252 196 62 199 91
patches 0.0252 128 26 142 44
patches 0.0252 0 132 18 172
patches 0.0252 77 11 85 25
patches 0.0252 69 84 82 130
patches 0.0252 45 51 52 64
patches 0.0252 90 159 102 194
patches 0.0252 39 119 61 139
patches 0.0252 101 152 117 170
patches 0.0252 31 1 56 22
patches 0.0252 189 0 194 10
patches 0.0251 190 18 200 24
patches 0.0251 172 27 198 93
patches 0.0251 70 142 102 157
patches 0.0251 118 63 125 79
patches 0.0251 74 152 82 166
patches 0.0251 5 16 37 30
patches 0.0251 90 171 97 188
patches 0.0251 110 0 127 18
patches 0.0251 191 137 200 152
patches 0.0250 191 171 199 184
patches 0.0250 98 78 114 84
patches 0.0250 31 67 44 75
patches 0.0250 90 0 98 8
patches 0.0250 167 31 184 56
patches 0.0250 153 188 163 197
patches 0.0250 98 72 105 90
patches 0.0249 175 181 191 188
patches 0.0249 74 18 96 24
patches 0.0249 89 106 136 144
patches 0.0249 0 38 20 44
patches 0.0249 124 81 142 88
patches 0.0249 108 74 141 89
patches 0.0249 81 64 100 72
patches 0.0249 104 135 112 150
patches 0.0248 116 48 146 63
patches 0.0248 98 53 128 71
patches 0.0248 94 128 142 188
patches 0.0248 98 75 114 81
patches 0.0248 100 185 120 190
patches 0.0248 195 94 199 109
patches 0.0248 77 51 95 57
patches 0.0248 100 38 119 63
patches 0.0247 190 35 200 41
patches 0.0247 3 54 67 156
patches 0.0247 48 0 66 15
patches 0.0247 169 49 184 78
patches 0.0247 190 111 200 126
patches 0.0246 84 58 92 71
patches 0.0246 0 42 6 52
patches 0.0246 118 52 145 88
patches 0.0246 111 21 129 27
patches 0.0246 33 38 64 85
patches 0.0245 47 46 56 59
patches 0.0245 61 193 73 200
patches 0.0245 97 191 105 200
patches 0.0244 111 128 118 144
patches 0.0244 82 42 101 72
patches 0.0244 121 45 138 51
patches 0.0244 133 58 153 64
patches 0.0244 81 109 105 114
patches 0.0244 0 50 12 75
patches 0.0243 0 141 11 148
patches 0.0243 133 54 154 61
patches 0.0243 34 81 51 88
patches 0.0243 41 0 48 11
patches 0.0243 125 28 131 45
patches 0.0243 34 131 51 156
patches 0.0243 0 107 9 122
patches 0.0242 124 0 131 10
patches 0.0242 85 190 91 200
patches 0.0242 191 53 200 68
patches 0.0242 15 32 37 37
patches 0.0242 2 78 41 90
patches 0.0242 86 0 101 5
patches 0.0242 0 55 19 69
patches 0.0242 92 59 112 65
patches 0.0242 0 42 18 48
patches 0.0242 111 18 129 24
patches 0.0241 195 64 200 78
patches 0.0241 162 193 173 200
patches 0.0241 77 148 95 155
patches 0.0241 92 111 117 132
patches 0.0241 102 179 115 188
patches 0.0240 66 191 82 200
patches 0.0240 194 76 200 86
patches 0.0240 102 48 129 65
patches 0.0240 97 96 112 127
patches 0.0240 134 180 154 194
patches 0.0240 101 94 108 111
patches 0.0240 102 102 108 122
patches 0.0239 70 0 101 73
patches 0.0239 123 191 140 199
patches 0.0239 107 84 137 162
patches 0.0239 132 61 154 67
patches 0.0239 115 84 135 91
patches 0.0239 127 49 148 76
patches 0.0239 73 41 93 48
patches 0.0239 147 31 198 59
patches 0.0239 79 118 98 124
patches 0.0239 22 2 66 15
patches 0.0239 127 65 135 79
patches 0.0239 34 3 51 33
patches 0.0239 96 16 154 171
patches 0.0239 109 127 136 144
patches 0.0238 177 178 186 190
patches 0.0238 14 10 79 114
patches 0.0238 102 154 122 161
patches 0.0238 103 96 134 110
patches 0.0237 125 48 148 54
patches 0.0237 131 10 156 34
patches 0.0237 121 67 128 81
patches 0.0237 54 68 63 80
patches 0.0237 120 187 129 198
patches 0.0237 81 166 96 195
patches 0.0237 70 111 93 134
patches 0.0237 72 168 102 185
patches 0.0236 180 8 200 24
patches 0.0236 90 23 98 41
patches 0.0236 60 82 69 96
patches 0.0236 190 108 200 114
patches 0.0236 104 147 112 164
patches 0.0236 123 36 135 46
patches 0.0236 54 92 71 128
patches 0.0236 108 185 115 198
patches 0.0236 178 78 187 141
patches 0.0236 152 183 192 195
patches 0.0236 176 14 194 21
patches 0.0236 111 114 134 121
patches 0.0236 104 0 154 16
patches 0.0236 87 31 105 37
patches 0.0235 151 8 172 14
patches 0.0235 173 12 199 31
patches 0.0235 98 79 105 94
patches 0.0235 58 132 78 138
patches 0.0235 82 65 100 96
patches 0.0235 191 77 200 92
patches 0.0235 193 23 200 32
patches 0.0235 190 68 200 74
patches 0.0235 22 24 42 31
patches 0.0234 53 85 74 91
patches 0.0234 0 126 5 137
patches 0.0234 122 62 156 76
patches 0.0234 114 0 134 12
patches 0.0234 75 153 88 190
patches 0.0234 110 178 118 194
patches 0.0234 24 5 46 11
patches 0.0233 115 176 131 196
patches 0.0233 108 132 115 147
patches 0.0233 118 4 137 27
patches 0.0233 114 85 121 104
patches 0.0233 103 175 122 181
patches 0.0233 38 70 105 99
patches 0.0233 39 85 60 109
patches 0.0233 34 0 41 10
patches 0.0232 91 89 121 125
patches 0.0232 121 35 139 41
patches 0.0232 163 15 182 22
patches 0.0232 156 192 166 200
patches 0.0232 0 5 23 11
patches 0.0232 89 70 105 105
patches 0.0232 63 111 83 118
patches 0.0232 56 0 70 20
patches 0.0232 22 0 39 4
patches 0.0232 131 27 138 43
patches 0.0231 69 133 84 165
patches 0.0231 52 94 74 101
patches 0.0231 75 136 91 163
patches 0.0231 157 10 172 28
patches 0.0231 32 8 52 14
patches 0.0230 121 38 139 44
patches 0.0230 27 124 82 152
patches 0.0230 44 52 60 69
patches 0.0230 102 115 124 122
patches 0.0230 47 51 65 64
patches 0.0230 107 175 115 192
patches 0.0230 163 195 180 200
patches 0.0229 194 113 200 123
patches 0.0229 123 67 141 75
patches 0.0229 111 134 132 141
patches 0.0229 73 64 95 71
patches 0.0229 122 40 128 57
patches 0.0228 35 5 57 11
patches 0.0228 101 157 123 164
patches 0.0228 191 100 198 114
patches 0.0228 124 42 143 48
patches 0.0228 165 180 185 194
patches 0.0228 101 94 122 119
patches 0.0227 124 191 132 199
patches 0.0227 36 85 50 114
patches 0.0227 102 151 123 158
patches 0.0227 114 80 121 98
patches 0.0227 81 191 88 200
patches 0.0227 11 53 18 68
patches 0.0226 16 179 94 200
patches 0.0226 122 0 141 4
patches 0.0226 0 40 9 54
patches 0.0226 161 86 196 140
patches 0.0226 94 168 112 174
patches 0.0226 97 171 115 177
patches 0.0226 95 54 117 60
patches 0.0226 0 117 4 132
patches 0.0226 138 149 170 197
patches 0.0226 129 153 148 170
patches 0.0226 69 34 103 69
patches 0.0226 155 26 179 44
patches 0.0226 0 94 21 111
patches 0.0226 83 111 102 118
patches 0.0225 104 175 113 186
patches 0.0225 150 38 196 76
patches 0.0225 98 165 105 180
patches 0.0225 95 0 101 10
patches 0.0225 2 193 14 200
patches 0.0225 157 33 179 51
patches 0.0225 174 115 191 138
patches 0.0225 79 178 98 185
patches 0.0225 72 59 94 64
patches 0.0225 117 0 125 8
patches 0.0225 54 87 71 104
patches 0.0225 134 188 156 195
patches 0.0225 94 51 113 57
patches 0.0225 125 188 148 194
patches 0.0225 173 71 189 78
patches 0.0224 171 191 179 199
patches 0.0224 0 175 10 181
patches 0.0224 84 161 111 177
patches 0.0224 53 110 83 125
patches 0.0224 105 190 111 200
patches 0.0224 178 169 195 186
patches 0.0224 71 153 78 166
patches 0.0223 75 16 88 25
patches 0.0223 191 95 200 101
patches 0.0223 117 0 153 11
patches 0.0223 55 44 74 51
patches 0.0223 74 98 91 130
patches 0.0223 77 141 86 156
patches 0.0223 157 188 180 194
patches 0.0223 113 87 133 94
patches 0.0223 46 83 67 109
patches 0.0222 9 35 27 41
patches 0.0222 51 161 88 176
patches 0.0222 176 5 189 50
patches 0.0222 193 9 200 19
patches 0.0222 97 174 115 181
patches 0.0222 34 152 60 157
patches 0.0222 87 109 95 123
patches 0.0222 77 151 99 157
patches 0.0222 100 138 118 145
patches 0.0222 89 41 122 76
patches 0.0221 80 101 101 107
patches 0.0221 62 88 80 95
patches 0.0221 83 111 99 126
patches 0.0221 155 5 176 11
patches 0.0221 68 8 84 14
patches 0.0221 163 5 183 11
patches 0.0221 19 70 71 113
patches 0.0221 87 28 105 34
patches 0.0221 50 136 85 150
patches 0.0221 115 112 136 118
patches 0.0220 71 190 78 199
patches 0.0220 162 176 178 196
patches 0.0220 0 62 18 77
patches 0.0220 84 87 91 104
patches 0.0220 157 67 197 108
patches 0.0220 152 158 174 164
patches 0.0220 53 67 81 83
patches 0.0220 86 105 108 127
patches 0.0219 81 80 111 113
patches 0.0219 90 18 102 58
patches 0.0219 127 157 151 164
patches 0.0219 26 0 42 9
patches 0.0219 31 71 49 77
patches 0.0219 17 71 30 80
patches 0.0219 177 7 185 22
patches 0.0219 135 48 155 55
patches 0.0219 33 14 52 42
patches 0.0218 134 22 158 27
patches 0.0218 162 9 178 25
patches 0.0218 46 42 68 48
patches 0.0218 111 90 118 105
patches 0.0218 135 46 142 64
patches 0.0218 6 85 27 91
patches 0.0218 88 171 94 187
patches 0.0218 102 141 123 147
patches 0.0218 189 22 200 27
patches 0.0218 31 45 48 51
patches 0.0217 33 47 42 58
patches 0.0217 79 42 101 47
patches 0.0217 63 155 83 161
patches 0.0217 8 57 21 66
patches 0.0217 63 32 75 75
patches 0.0217 33 48 53 54
patches 0.0217 28 21 49 27
patches 0.0217 103 30 114 81
patches 0.0217 169 65 189 71
patches 0.0217 56 65 65 80
patches 0.0217 51 68 59 81
patches 0.0217 110 131 130 138
patches 0.0216 166 92 183 110
patches 0.0216 153 6 170 25
patches 0.0216 124 1 145 24
patches 0.0216 38 0 44 11
patches 0.0216 65 194 77 200
patches 0.0216 50 145 69 160
patches 0.0216 127 28 146 35
patches 0.0216 145 15 167 20
patches 0.0216 109 74 114 92
patches 0.0216 179 178 196 184
patches 0.0216 23 10 62 24
patches 0.0216 28 25 48 31
patches 0.0216 78 63 85 78
patches 0.0215 0 123 6 133
patches 0.0215 126 62 147 68
patches 0.0215 180 186 189 198
patches 0.0215 31 94 65 108
patches 0.0215 185 189 191 200
patches 0.0215 131 0 151 5
patches 0.0215 122 16 170 28
patches 0.0215 51 43 68 61
patches 0.0215 95 17 111 45
patches 0.0215 114 68 135 74
patches 0.0215 96 35 114 41
patches 0.0214 123 40 134 50
patches 0.0214 46 113 76 134
patches 0.0214 150 4 168 11
patches 0.0214 160 196 187 199
patches 0.0214 51 15 59 29
patches 0.0214 80 131 96 138
patches 0.0214 112 74 118 92
patches 0.0214 131 161 153 168
patches 0.0214 27 14 44 42
patches 0.0214 68 158 89 164
patches 0.0213 75 34 90 53
patches 0.0213 122 161 144 167
patches 0.0213 55 28 75 34
patches 0.0213 124 70 148 77
patches 0.0213 67 2 86 21
patches 0.0213 32 11 53 17
patches 0.0213 164 97 186 104
patches 0.0213 137 5 163 10
patches 0.0212 81 59 88 72
patches 0.0212 77 75 96 81
patches 0.0212 103 33 128 52
patches 0.0212 191 91 200 105
patches 0.0212 36 28 46 40
patches 0.0212 176 11 194 18
patches 0.0212 0 156 11 183
patches 0.0212 17 36 47 83
patches 0.0212 99 176 132 193
patches 0.0212 106 133 123 150
patches 0.0212 190 4 200 18
patches 0.0212 0 89 11 103
patches 0.0212 76 11 93 25
patches 0.0212 112 129 134 135
patches 0.0212 148 151 169 158
patches 0.0211 172 188 191 194
patches 0.0211 104 178 121 185
patches 0.0211 145 78 166 85
patches 0.0211 0 136 2 170
patches 0.0211 62 107 68 126
patches 0.0211 175 83 189 108
patches 0.0211 46 154 106 199
patches 0.0211 64 85 87 91
patches 0.0211 133 188 144 198
patches 0.0211 193 2 200 13
patches 0.0211 161 12 169 30
patches 0.0211 176 68 193 75
patches 0.0211 75 19 92 50
patches 0.0211 193 69 200 80
patches 0.0211 35 31 55 38
patches 0.0211 125 75 149 81
patches 0.0211 179 131 198 156
patches 0.0211 80 176 97 191
patches 0.0211 93 169 111 185
patches 0.0210 134 20 141 39
patches 0.0210 105 9 149 22
patches 0.0210 97 92 117 98
patches 0.0210 98 140 129 155
patches 0.0210 117 31 162 97
patches 0.0210 49 148 63 157
patches 0.0210 144 3 157 32
patches 0.0210 74 146 93 151
patches 0.0209 50 91 69 98
patches 0.0209 22 15 39 30
patches 0.0209 54 88 61 106
patches 0.0209 75 62 98 140
patches 0.0209 98 153 111 185
patches 0.0208 10 28 44 43
patches 0.0208 113 18 123 30
patches 0.0208 101 113 108 128
patches 0.0208 104 15 122 21
patches 0.0208 0 40 61 78
patches 0.0208 108 87 115 104
patches 0.0208 108 155 128 161
patches 0.0208 185 12 196 23
patches 0.0208 14 53 21 69
patches 0.0208 118 14 140 21
patches 0.0208 78 51 85 68
patches 0.0207 88 0 95 8
patches 0.0207 122 34 128 51
patches 0.0207 87 175 105 181
patches 0.0207 51 149 73 155
patches 0.0207 173 190 189 199
patches 0.0207 84 0 91 11
patches 0.0207 78 175 99 181
patches 0.0207 20 64 39 70
patches 0.0207 138 195 157 200
patches 0.0207 170 14 188 21
patches 0.0207 151 11 174 17
patches 0.0207 0 106 29 140
patches 0.0207 64 84 72 98
patches 0.0206 57 0 157 27
patches 0.0206 168 184 189 190
patches 0.0206 22 21 42 28
patches 0.0206 74 191 81 200
patches 0.0206 71 106 106 138
patches 0.0206 93 98 112 105
patches 0.0206 15 35 36 41
patches 0.0206 10 27 25 42
patches 0.0206 124 46 131 64
patches 0.0206 149 171 169 177
patches 0.0206 129 176 143 196
patches 0.0206 92 138 114 145
patches 0.0206 87 132 107 154
patches 0.0206 114 68 121 83
patches 0.0206 35 73 49 91
patches 0.0206 29 0 41 31
patches 0.0205 127 23 169 36
patches 0.0205 64 115 83 121
patches 0.0205 106 44 125 51
patches 0.0205 84 112 92 125
patches 0.0205 138 186 145 197
patches 0.0205 13 8 45 65
patches 0.0205 74 59 92 73
patches 0.0205 136 172 158 178
patches 0.0205 131 186 138 199
patches 0.0205 35 27 48 35
patches 0.0205 101 7 119 13
patches 0.0205 150 2 164 34
patches 0.0205 129 24 150 31
patches 0.0204 49 144 62 152
patches 0.0204 36 74 65 91
patches 0.0204 87 178 103 185
patches 0.0204 105 179 111 194
patches 0.0204 121 60 128 76
patches 0.0204 73 37 91 44
patches 0.0204 74 56 81 71
patches 0.0204 79 71 101 77
patches 0.0204 86 145 105 150
patches 0.0204 190 22 198 34
patches 0.0204 12 60 23 69
patches 0.0204 162 12 175 19
patches 0.0204 41 54 60 60
patches 0.0204 174 67 182 84
patches 0.0204 113 71 133 77
patches 0.0204 85 65 103 82
patches 0.0203 187 161 195 176
patches 0.0203 81 62 101 69
patches 0.0203 68 107 95 126
patches 0.0203 21 194 35 200
patches 0.0203 166 190 177 199
patches 0.0203 180 178 188 192
patches 0.0203 58 32 80 55
patches 0.0203 98 165 123 171
patches 0.0203 90 165 111 171
patches 0.0203 0 94 12 101
patches 0.0203 100 40 108 58
patches 0.0202 174 191 182 200
patches 0.0202 102 172 123 178
patches 0.0202 108 158 129 164
patches 0.0202 149 196 179 199
patches 0.0202 108 8 115 23
patches 0.0202 75 70 88 79
patches 0.0202 193 106 200 116
patches 0.0202 127 68 135 87
patches 0.0202 75 57 88 66
patches 0.0202 76 160 101 179
patches 0.0202 101 1 108 18
patches 0.0202 139 149 157 178
patches 0.0202 158 133 181 154
patches 0.0201 128 59 135 75
patches 0.0201 190 8 198 21
patches 0.0201 59 25 90 95
patches 0.0201 151 162 169 168
patches 0.0201 158 176 191 192
patches 0.0201 65 64 84 71
patches 0.0201 174 177 183 188
patches 0.0201 144 21 179 37
patches 0.0201 35 29 56 34
patches 0.0200 72 101 94 107
patches 0.0200 23 59 33 70
patches 0.0200 191 61 200 75
patches 0.0200 190 71 200 77
patches 0.0200 78 190 84 200
patches 0.0200 73 55 94 60
patches 0.0200 107 183 119 193
patches 0.0200 89 111 106 126
patches 0.0200 55 37 112 151
crazing 0.1060 36 48 67 81
crazing 0.0886 59 3 94 42
crazing 0.0841 47 11 80 47
crazing 0.0817 36 33 67 65
crazing 0.0795 21 32 53 65
crazing 0.0793 7 48 39 65
crazing 0.0780 54 15 70 45
crazing 0.0777 40 21 69 38
crazing 0.0767 4 39 40 71
crazing 0.0742 27 26 62 58
crazing 0.0721 2 46 32 79
crazing 0.0721 39 20 70 55
crazing 0.0707 44 41 72 77
crazing 0.0702 62 20 93 39
crazing 0.0691 29 44 62 75
crazing 0.0688 25 47 51 65
crazing 0.0664 62 14 93 31
crazing 0.0661 34 64 72 78
crazing 0.0660 69 12 99 49
crazing 0.0657 42 28 69 45
crazing 0.0649 1 54 23 71
crazing 0.0649 23 42 52 59
crazing 0.0648 38 2 73 38
crazing 0.0642 37 41 64 58
crazing 0.0639 173 30 200 43
crazing 0.0637 85 23 118 56
crazing 0.0635 18 38 41 61
crazing 0.0633 4 43 42 56
crazing 0.0631 0 47 22 65
crazing 0.0623 35 53 66 70
crazing 0.0622 20 34 51 52
crazing 0.0618 76 192 120 200
crazing 0.0608 7 54 38 71
crazing 0.0601 12 37 34 59
crazing 0.0598 7 60 38 78
crazing 0.0597 79 113 117 143
crazing 0.0597 47 32 78 68
crazing 0.0589 49 21 65 53
crazing 0.0588 75 16 113 50
crazing 0.0587 48 0 88 31
crazing 0.0579 88 28 117 46
crazing 0.0577 46 29 82 42
crazing 0.0576 13 46 46 79
crazing 0.0570 24 29 61 43
crazing 0.0566 34 28 52 59
crazing 0.0555 93 28 124 62
crazing 0.0555 53 20 88 55
crazing 0.0553 48 14 78 31
crazing 0.0547 64 0 100 30
crazing 0.0543 53 27 73 48
crazing 0.0537 172 23 200 36
crazing 0.0536 184 154 199 170
crazing 0.0536 80 182 116 198
crazing 0.0534 60 6 93 24
crazing 0.0529 136 101 178 115
crazing 0.0529 43 33 68 53
crazing 0.0526 31 25 54 47
crazing 0.0525 15 0 78 6
crazing 0.0523 73 88 104 121
crazing 0.0522 76 22 114 36
crazing 0.0519 73 119 102 138
crazing 0.0516 63 28 91 45
crazing 0.0512 175 15 200 51
crazing 0.0512 78 122 120 136
crazing 0.0510 1 60 24 80
crazing 0.0508 87 115 105 146
crazing 0.0505 18 82 37 95
crazing 0.0505 171 0 198 25
crazing 0.0503 38 48 64 63
crazing 0.0502 83 20 107 42
crazing 0.0501 22 41 39 72
crazing 0.0501 10 36 23 77
crazing 0.0499 75 33 108 71
crazing 0.0499 138 97 160 122
crazing 0.0498 65 73 99 106
crazing 0.0497 16 48 31 76
crazing 0.0492 0 39 24 72
crazing 0.0491 69 129 108 143
crazing 0.0491 56 16 81 41
crazing 0.0490 71 181 104 198
crazing 0.0489 27 29 96 63
crazing 0.0487 30 21 42 70
crazing 0.0487 130 92 167 129
crazing 0.0487 183 107 198 124
crazing 0.0485 48 52 75 74
crazing 0.0482 67 62 103 97
crazing 0.0480 21 60 53 78
crazing 0.0475 168 0 200 8
crazing 0.0474 130 95 172 109
crazing 0.0472 75 134 103 152
crazing 0.0470 134 80 164 99
crazing 0.0468 44 9 87 23
crazing 0.0466 134 87 165 105
crazing 0.0463 183 99 199 115
crazing 0.0463 76 12 91 50
crazing 0.0461 56 21 69 61
crazing 0.0461 134 106 165 125
crazing 0.0461 72 126 105 157
crazing 0.0459 80 115 117 130
crazing 0.0456 95 34 121 51
crazing 0.0455 140 160 171 178
crazing 0.0451 70 100 96 119
crazing 0.0450 60 23 77 53
crazing 0.0449 133 74 164 92
crazing 0.0449 47 9 66 33
crazing 0.0448 76 27 103 46
crazing 0.0448 63 7 75 61
crazing 0.0447 69 25 103 59
crazing 0.0447 32 56 58 82
crazing 0.0447 134 113 165 132
crazing 0.0446 67 92 97 128
crazing 0.0446 31 11 65 42
crazing 0.0446 182 49 200 63
crazing 0.0446 92 20 114 40
crazing 0.0443 74 8 115 38
crazing 0.0441 34 45 53 71
crazing 0.0439 95 25 110 54
crazing 0.0439 130 104 167 142
crazing 0.0439 43 27 57 62
crazing 0.0437 70 21 85 51
crazing 0.0437 20 54 54 69
crazing 0.0436 81 118 98 150
crazing 0.0435 0 67 16 82
crazing 0.0434 12 22 44 56
crazing 0.0434 117 78 144 99
crazing 0.0433 17 29 39 53
crazing 0.0431 69 4 86 37
crazing 0.0430 75 88 100 105
crazing 0.0427 50 54 86 84
crazing 0.0427 123 102 165 115
crazing 0.0425 102 41 130 58
crazing 0.0425 125 63 159 102
crazing 0.0424 131 168 199 199
crazing 0.0424 149 106 178 126
crazing 0.0422 49 40 75 59
crazing 0.0419 131 103 154 129
crazing 0.0419 122 97 159 135
crazing 0.0416 81 21 99 53
crazing 0.0414 138 117 161 142
crazing 0.0413 102 71 121 86
crazing 0.0412 182 131 199 146
crazing 0.0409 48 47 74 65
crazing 0.0408 91 178 109 190
crazing 0.0407 148 95 164 129
crazing 0.0406 22 47 109 73
crazing 0.0406 174 36 200 49
crazing 0.0405 76 94 100 112
crazing 0.0405 30 41 42 80
crazing 0.0404 54 0 84 19
crazing 0.0403 42 6 72 26
crazing 0.0402 130 77 166 112
crazing 0.0402 47 35 80 50
crazing 0.0401 2 47 16 80
crazing 0.0401 115 88 145 105
crazing 0.0399 116 61 146 100
crazing 0.0397 152 98 175 122
crazing 0.0397 73 16 116 29
crazing 0.0396 66 137 84 152
crazing 0.0394 132 91 155 114
crazing 0.0391 106 39 141 74
crazing 0.0388 48 60 78 95
crazing 0.0388 144 92 168 113
crazing 0.0387 135 151 174 190
crazing 0.0387 49 34 64 70
crazing 0.0386 134 67 165 85
crazing 0.0385 44 48 58 86
crazing 0.0385 62 113 98 148
crazing 0.0384 108 42 143 56
crazing 0.0384 66 76 104 90
crazing 0.0384 21 52 38 85
crazing 0.0383 174 54 199 70
crazing 0.0382 22 78 40 92
crazing 0.0382 176 28 199 60
crazing 0.0381 172 14 199 30
crazing 0.0381 152 156 175 182
crazing 0.0381 64 83 101 96
crazing 0.0380 80 98 117 129
crazing 0.0380 151 192 200 199
crazing 0.0377 24 22 46 46
crazing 0.0377 83 13 108 32
crazing 0.0377 175 45 198 80
crazing 0.0375 45 0 71 21
crazing 0.0374 90 181 102 200
crazing 0.0374 76 123 90 162
crazing 0.0373 44 0 96 8
crazing 0.0373 182 42 200 56
crazing 0.0372 115 74 149 89
crazing 0.0372 141 80 158 111
crazing 0.0372 75 108 104 125
crazing 0.0370 176 79 197 115
crazing 0.0370 78 112 100 134
crazing 0.0370 53 1 73 32
crazing 0.0370 1 37 20 51
crazing 0.0369 17 51 33 66
crazing 0.0369 139 168 173 186
crazing 0.0367 16 28 29 70
crazing 0.0367 90 120 102 163
crazing 0.0366 122 111 159 150
crazing 0.0365 56 67 99 82
crazing 0.0364 59 34 95 68
crazing 0.0362 130 117 168 154
crazing 0.0362 130 70 154 95
crazing 0.0362 85 48 105 62
crazing 0.0362 100 22 117 36
crazing 0.0362 99 26 121 47
crazing 0.0362 26 0 64 17
crazing 0.0361 156 182 200 199
crazing 0.0360 183 138 199 153
crazing 0.0360 143 90 155 138
crazing 0.0359 93 23 127 36
crazing 0.0359 73 9 119 24
crazing 0.0359 12 58 47 92
crazing 0.0359 60 192 106 200
crazing 0.0358 81 84 97 114
crazing 0.0358 124 84 159 123
crazing 0.0357 86 188 108 200
crazing 0.0356 108 145 147 182
crazing 0.0355 175 88 197 104
crazing 0.0355 183 0 198 16
crazing 0.0354 176 61 197 78
crazing 0.0353 117 53 143 72
crazing 0.0353 124 67 151 86
crazing 0.0353 118 45 146 80
crazing 0.0352 76 34 105 53
crazing 0.0352 151 85 162 135
crazing 0.0351 130 122 171 136
crazing 0.0350 137 85 174 121
crazing 0.0350 4 37 26 59
crazing 0.0349 75 12 100 33
crazing 0.0348 72 80 94 101
crazing 0.0347 57 7 115 71
crazing 0.0347 175 81 197 97
crazing 0.0346 36 48 50 91
crazing 0.0346 149 86 178 105
crazing 0.0346 144 91 180 132
crazing 0.0345 167 166 199 199
crazing 0.0345 16 54 29 89
crazing 0.0344 134 127 166 146
crazing 0.0344 104 19 116 60
crazing 0.0343 15 76 32 92
crazing 0.0342 51 56 93 71
crazing 0.0339 10 70 49 84
crazing 0.0339 92 117 116 140
crazing 0.0338 115 20 134 36
crazing 0.0338 26 55 48 81
crazing 0.0338 27 26 43 43
crazing 0.0338 60 35 96 50
crazing 0.0337 48 63 83 78
crazing 0.0337 180 6 200 37
crazing 0.0333 38 21 57 35
crazing 0.0333 11 63 27 79
crazing 0.0333 112 185 196 199
crazing 0.0332 24 22 60 36
crazing 0.0332 43 32 61 46
crazing 0.0332 21 48 36 62
crazing 0.0331 59 8 77 22
crazing 0.0327 131 124 155 149
crazing 0.0327 61 143 98 157
crazing 0.0327 49 5 63 42
crazing 0.0326 108 48 139 65
crazing 0.0326 34 20 111 48
crazing 0.0326 61 2 80 31
crazing 0.0326 56 49 102 63
crazing 0.0325 74 90 93 115
crazing 0.0325 63 136 98 163
crazing 0.0324 90 18 102 58
crazing 0.0324 9 52 23 89
crazing 0.0323 125 157 148 182
crazing 0.0323 60 41 97 56
crazing 0.0322 175 68 197 85
crazing 0.0322 79 77 101 100
crazing 0.0322 118 151 142 174
crazing 0.0320 101 32 132 69
crazing 0.0320 73 2 92 29
crazing 0.0320 1 32 31 63
crazing 0.0319 34 38 49 53
crazing 0.0319 177 9 200 23
crazing 0.0319 121 71 154 114
crazing 0.0318 83 124 96 166
crazing 0.0318 72 71 97 93
crazing 0.0318 174 75 197 90
crazing 0.0317 82 99 111 119
crazing 0.0316 78 187 101 199
crazing 0.0316 96 13 125 44
crazing 0.0314 23 13 88 49
crazing 0.0314 78 1 113 18
crazing 0.0313 117 138 153 173
crazing 0.0313 58 42 79 69
crazing 0.0312 67 2 86 21
crazing 0.0311 113 114 132 144
crazing 0.0310 175 59 196 93
crazing 0.0310 120 106 151 126
crazing 0.0310 49 46 63 82
crazing 0.0309 89 4 123 34
crazing 0.0308 40 1 111 19
crazing 0.0308 137 132 162 154
crazing 0.0308 183 177 199 192
crazing 0.0308 97 112 110 150
crazing 0.0308 31 0 57 12
crazing 0.0305 86 8 102 22
crazing 0.0304 119 122 156 136
crazing 0.0304 144 0 191 7
crazing 0.0303 38 1 82 15
crazing 0.0303 30 69 65 85
crazing 0.0303 25 129 44 144
crazing 0.0303 121 115 138 146
crazing 0.0301 60 75 90 92
crazing 0.0299 144 162 186 176
crazing 0.0298 116 149 158 163
crazing 0.0298 118 92 141 115
crazing 0.0297 38 28 56 42
crazing 0.0297 183 39 200 74
crazing 0.0296 177 136 197 149
crazing 0.0295 138 57 161 81
crazing 0.0295 85 41 104 55
crazing 0.0295 137 165 161 190
crazing 0.0294 109 67 139 103
crazing 0.0294 138 63 175 102
crazing 0.0294 3 36 38 50
crazing 0.0293 22 19 37 65
crazing 0.0293 113 73 131 90
crazing 0.0293 156 92 182 112
crazing 0.0292 55 45 69 83
crazing 0.0291 0 36 7 88
crazing 0.0291 123 49 154 88
crazing 0.0291 62 145 80 160
crazing 0.0290 145 77 168 101
crazing 0.0289 127 162 161 176
crazing 0.0288 0 13 18 30
crazing 0.0288 113 37 130 52
crazing 0.0288 69 66 88 82
crazing 0.0288 127 83 149 107
crazing 0.0287 126 153 159 189
crazing 0.0287 121 55 158 69
crazing 0.0287 124 61 150 79
crazing 0.0287 83 177 96 200
crazing 0.0287 76 24 93 40
crazing 0.0286 159 0 192 27
crazing 0.0286 183 84 198 99
crazing 0.0286 54 136 91 150
crazing 0.0286 82 8 96 47
crazing 0.0285 148 153 179 172
crazing 0.0285 56 64 79 86
crazing 0.0285 125 97 148 123
crazing 0.0283 63 63 89 87
crazing 0.0282 81 175 115 190
crazing 0.0282 126 145 149 168
crazing 0.0281 0 74 17 89
crazing 0.0281 68 111 86 127
crazing 0.0281 118 115 154 129
crazing 0.0281 66 36 88 61
crazing 0.0281 125 178 179 199
crazing 0.0280 35 61 53 75
crazing 0.0279 65 78 83 93
crazing 0.0278 1 60 31 89
crazing 0.0277 110 155 153 169
crazing 0.0275 118 158 141 184
crazing 0.0275 135 78 152 112
crazing 0.0275 81 80 111 113
crazing 0.0275 121 89 159 103
crazing 0.0274 16 17 74 66
crazing 0.0274 77 90 89 133
crazing 0.0273 107 53 139 87
crazing 0.0273 73 36 96 60
crazing 0.0273 0 70 34 84
crazing 0.0270 119 128 157 143
crazing 0.0270 114 37 134 62
crazing 0.0270 70 122 93 145
crazing 0.0270 148 154 164 188
crazing 0.0269 107 28 126 54
crazing 0.0269 122 81 158 96
crazing 0.0269 120 140 151 159
crazing 0.0269 110 105 146 140
crazing 0.0268 148 80 164 111
crazing 0.0267 102 38 119 53
crazing 0.0265 86 87 103 103
crazing 0.0264 78 82 113 96
crazing 0.0264 30 16 67 31
crazing 0.0264 138 115 178 129
crazing 0.0263 47 34 74 101
crazing 0.0263 126 8 175 21
crazing 0.0263 177 94 196 111
crazing 0.0263 72 139 94 159
crazing 0.0263 165 7 196 42
crazing 0.0262 96 30 109 69
crazing 0.0261 43 8 57 51
crazing 0.0261 103 87 120 104
crazing 0.0261 131 136 174 149
crazing 0.0260 159 0 175 17
crazing 0.0260 151 165 176 190
crazing 0.0259 112 100 144 119
crazing 0.0259 50 62 67 78
crazing 0.0259 89 128 120 144
crazing 0.0259 193 5 200 58
crazing 0.0259 60 1 98 16
crazing 0.0258 40 64 57 80
crazing 0.0257 141 67 157 100
crazing 0.0257 36 33 53 49
crazing 0.0257 184 77 198 93
crazing 0.0257 123 170 165 182
crazing 0.0256 95 122 129 136
crazing 0.0255 131 10 156 34
crazing 0.0255 90 103 124 136
crazing 0.0255 56 86 90 124
crazing 0.0254 124 117 148 142
crazing 0.0254 44 46 59 69
crazing 0.0254 183 91 198 107
crazing 0.0253 109 96 149 109
crazing 0.0253 6 68 25 82
crazing 0.0253 165 182 184 198
crazing 0.0253 110 68 140 83
crazing 0.0252 129 1 170 36
crazing 0.0252 166 4 183 21
crazing 0.0252 160 97 180 124
crazing 0.0252 121 44 141 68
crazing 0.0252 63 28 75 69
crazing 0.0251 191 86 200 102
crazing 0.0250 186 104 200 119
crazing 0.0250 92 11 116 31
crazing 0.0250 183 183 199 198
crazing 0.0250 81 163 118 194
crazing 0.0250 117 111 141 133
crazing 0.0250 157 188 181 199
crazing 0.0249 58 62 98 76
crazing 0.0249 74 43 97 70
crazing 0.0248 56 124 89 155
crazing 0.0247 136 13 169 31
crazing 0.0247 172 25 193 46
crazing 0.0247 132 192 183 198
crazing 0.0247 156 87 171 120
crazing 0.0247 187 25 200 47
crazing 0.0246 69 61 82 99
crazing 0.0245 50 133 68 149
crazing 0.0245 83 98 96 137
crazing 0.0245 71 104 94 128
crazing 0.0245 123 125 160 163
crazing 0.0244 4 71 21 85
crazing 0.0244 66 70 84 84
crazing 0.0244 87 132 107 154
crazing 0.0244 86 105 108 127
crazing 0.0244 22 66 39 82
crazing 0.0244 47 28 110 81
crazing 0.0243 69 55 107 82
crazing 0.0242 77 74 89 116
crazing 0.0242 131 137 155 163
crazing 0.0241 153 101 186 117
crazing 0.0241 116 119 129 162
crazing 0.0241 184 51 200 86
crazing 0.0241 74 180 90 199
crazing 0.0240 179 104 196 119
crazing 0.0240 102 77 120 93
crazing 0.0240 110 86 146 124
crazing 0.0240 143 183 179 198
crazing 0.0239 85 92 106 114
crazing 0.0239 110 61 138 78
crazing 0.0239 128 53 145 86
crazing 0.0238 113 24 129 40
crazing 0.0238 149 72 176 93
crazing 0.0238 142 153 156 192
crazing 0.0238 135 113 151 147
crazing 0.0237 90 121 121 153
crazing 0.0236 72 148 99 163
crazing 0.0236 127 107 145 139
crazing 0.0235 99 17 117 32
crazing 0.0235 172 60 188 77
crazing 0.0235 108 32 124 68
crazing 0.0235 145 65 168 89
crazing 0.0234 125 142 166 156
crazing 0.0234 158 90 169 142
crazing 0.0233 109 34 140 50
crazing 0.0232 123 56 137 85
crazing 0.0232 109 127 136 144
crazing 0.0232 22 37 73 84
crazing 0.0232 35 0 52 17
crazing 0.0232 143 141 181 182
crazing 0.0232 188 37 200 60
crazing 0.0231 122 75 138 112
crazing 0.0230 69 0 121 7
crazing 0.0229 130 155 170 169
crazing 0.0229 185 67 200 84
crazing 0.0229 129 149 146 176
crazing 0.0228 174 130 193 147
crazing 0.0228 95 181 113 194
crazing 0.0228 187 17 200 40
crazing 0.0228 184 58 198 73
crazing 0.0227 74 140 103 173
crazing 0.0227 67 52 83 67
crazing 0.0227 87 171 108 193
crazing 0.0227 62 75 78 89
crazing 0.0227 170 34 193 67
crazing 0.0227 21 41 36 56
crazing 0.0226 48 69 77 82
crazing 0.0226 34 48 50 62
crazing 0.0225 119 31 147 68
crazing 0.0224 99 74 130 90
crazing 0.0224 90 4 106 18
crazing 0.0224 158 80 198 123
crazing 0.0224 108 119 136 138
crazing 0.0224 138 2 164 28
crazing 0.0224 30 34 46 50
crazing 0.0224 98 111 126 144
crazing 0.0224 68 57 109 71
crazing 0.0223 0 118 23 142
crazing 0.0223 128 62 166 76
crazing 0.0223 63 54 80 70
crazing 0.0223 171 187 193 198
crazing 0.0223 171 83 194 130
crazing 0.0222 39 4 61 31
crazing 0.0222 0 50 12 75
crazing 0.0222 112 163 151 176
crazing 0.0222 35 130 53 145
crazing 0.0221 116 42 131 73
crazing 0.0221 101 82 130 97
crazing 0.0221 36 24 52 39
crazing 0.0220 112 119 148 156
crazing 0.0220 157 78 182 99
crazing 0.0220 147 121 165 153
crazing 0.0220 187 53 200 68
crazing 0.0220 124 46 151 64
crazing 0.0220 61 61 75 101
crazing 0.0219 62 42 75 86
crazing 0.0219 79 157 96 173
crazing 0.0219 170 66 192 102
crazing 0.0219 99 61 129 79
crazing 0.0218 187 95 199 109
crazing 0.0218 172 0 194 14
crazing 0.0217 107 41 122 57
crazing 0.0217 60 0 124 39
crazing 0.0216 132 49 155 75
crazing 0.0216 59 82 88 99
crazing 0.0216 28 74 43 90
crazing 0.0216 22 60 99 84
crazing 0.0216 150 171 186 198
crazing 0.0215 65 149 86 163
crazing 0.0215 55 0 90 64
crazing 0.0215 66 52 90 74
crazing 0.0214 184 122 199 139
crazing 0.0214 135 154 149 190
crazing 0.0214 193 27 199 84
crazing 0.0214 137 90 149 137
crazing 0.0213 100 83 116 100
crazing 0.0213 176 191 200 200
crazing 0.0213 135 52 167 71
crazing 0.0213 117 0 186 30
crazing 0.0213 90 12 107 26
crazing 0.0212 128 67 146 106
crazing 0.0212 132 47 168 88
crazing 0.0212 45 0 72 11
crazing 0.0211 110 60 127 76
crazing 0.0211 91 171 125 197
crazing 0.0211 97 59 132 93
crazing 0.0211 150 0 184 21
crazing 0.0211 18 75 35 88
crazing 0.0210 109 51 126 65
crazing 0.0209 86 76 107 99
crazing 0.0209 116 72 131 107
crazing 0.0209 26 66 50 88
crazing 0.0209 179 126 196 142
crazing 0.0209 10 28 44 43
crazing 0.0208 42 61 61 87
crazing 0.0208 23 54 39 70
crazing 0.0208 110 26 140 62
crazing 0.0207 121 95 137 127
crazing 0.0207 6 45 22 59
crazing 0.0207 83 51 101 67
crazing 0.0206 33 56 50 72
crazing 0.0206 176 57 191 72
crazing 0.0206 80 69 103 92
crazing 0.0206 39 138 56 152
crazing 0.0206 33 29 49 45
crazing 0.0206 153 111 175 135
crazing 0.0205 170 47 191 64
crazing 0.0205 2 41 18 55
crazing 0.0204 102 179 118 195
crazing 0.0204 108 74 123 91
crazing 0.0204 162 0 180 12
crazing 0.0204 143 170 189 184
crazing 0.0204 121 133 151 152
crazing 0.0204 127 121 146 154
crazing 0.0204 163 191 180 199
crazing 0.0203 190 1 200 15
crazing 0.0203 18 63 36 78
crazing 0.0203 112 85 133 107
crazing 0.0203 137 43 163 67
crazing 0.0203 34 48 91 99
crazing 0.0202 90 120 107 135
crazing 0.0202 69 133 84 165
crazing 0.0202 73 24 126 81
crazing 0.0202 75 143 90 171
crazing 0.0201 33 14 52 42
crazing 0.0201 130 29 170 68
crazing 0.0201 74 50 90 67
crazing 0.0201 157 67 197 108
crazing 0.0201 0 8 19 23
crazing 0.0201 12 60 30 75
crazing 0.0200 76 55 94 71
inclusion 0.0608 80 0 94 9
inclusion 0.0562 86 0 101 5
inclusion 0.0557 89 0 99 9
inclusion 0.0480 179 0 195 4
inclusion 0.0450 78 0 96 5
inclusion 0.0444 66 36 76 47
inclusion 0.0442 47 76 62 85
inclusion 0.0439 180 0 188 8
inclusion 0.0437 195 190 200 200
inclusion 0.0432 0 0 3 12
inclusion 0.0431 0 0 9 8
inclusion 0.0431 110 195 126 200
inclusion 0.0422 191 195 200 200
inclusion 0.0416 101 191 108 200
inclusion 0.0415 87 0 95 11
inclusion 0.0414 56 101 65 114
inclusion 0.0409 93 0 103 9
inclusion 0.0409 66 41 75 53
inclusion 0.0406 0 191 10 200
inclusion 0.0402 0 0 6 6
inclusion 0.0397 0 80 5 96
inclusion 0.0394 84 191 91 200
inclusion 0.0392 184 0 191 8
inclusion 0.0388 109 59 118 70
inclusion 0.0387 191 190 198 200
inclusion 0.0385 187 0 200 5
inclusion 0.0385 0 12 5 23
inclusion 0.0384 61 195 80 200
inclusion 0.0384 68 40 81 48
inclusion 0.0382 176 0 186 6
inclusion 0.0381 0 120 6 130
inclusion 0.0377 0 86 6 97
inclusion 0.0377 54 100 67 108
inclusion 0.0376 84 0 108 3
inclusion 0.0374 0 193 6 200
inclusion 0.0373 81 3 93 12
inclusion 0.0373 184 29 192 40
inclusion 0.0370 54 2 68 11
inclusion 0.0370 0 115 5 126
inclusion 0.0369 59 0 76 5
inclusion 0.0369 65 40 77 49
inclusion 0.0369 0 77 3 102
inclusion 0.0369 74 191 81 200
inclusion 0.0368 70 41 78 53
inclusion 0.0368 188 191 194 200
inclusion 0.0365 196 37 199 62
inclusion 0.0364 57 106 65 118
inclusion 0.0363 115 33 125 43
inclusion 0.0361 59 99 68 110
inclusion 0.0360 101 185 108 198
inclusion 0.0360 88 191 95 200
inclusion 0.0357 0 6 6 16
inclusion 0.0356 84 0 92 11
inclusion 0.0354 91 0 97 13
inclusion 0.0354 120 195 136 200
inclusion 0.0350 53 0 68 8
inclusion 0.0350 103 194 119 200
inclusion 0.0350 66 16 76 26
inclusion 0.0349 195 41 200 56
inclusion 0.0348 117 35 125 49
inclusion 0.0346 0 3 3 30
inclusion 0.0344 0 113 3 139
inclusion 0.0343 103 193 112 200
inclusion 0.0341 76 26 85 38
inclusion 0.0340 71 35 79 47
inclusion 0.0337 0 0 13 5
inclusion 0.0336 176 195 192 200
inclusion 0.0336 96 195 112 200
inclusion 0.0335 55 103 68 112
inclusion 0.0334 26 0 42 4
inclusion 0.0334 193 62 200 73
inclusion 0.0333 107 57 121 65
inclusion 0.0333 91 191 98 200
inclusion 0.0332 188 0 195 8
inclusion 0.0331 174 0 198 3
inclusion 0.0331 81 191 88 200
inclusion 0.0330 113 193 123 200
inclusion 0.0330 0 73 5 83
inclusion 0.0328 63 137 78 145
inclusion 0.0328 179 82 188 94
inclusion 0.0327 117 191 125 200
inclusion 0.0327 109 192 120 200
inclusion 0.0326 106 192 116 200
inclusion 0.0324 69 194 80 200
inclusion 0.0324 55 96 65 106
inclusion 0.0323 19 74 33 81
inclusion 0.0322 181 190 188 200
inclusion 0.0322 76 22 85 33
inclusion 0.0322 54 93 68 102
inclusion 0.0322 102 122 112 133
inclusion 0.0321 109 62 118 73
inclusion 0.0321 57 97 71 105
inclusion 0.0321 187 170 200 179
inclusion 0.0321 105 62 115 73
inclusion 0.0320 6 0 17 5
inclusion 0.0320 62 133 78 141
inclusion 0.0319 80 195 96 200
inclusion 0.0318 104 186 113 196
inclusion 0.0318 94 147 102 162
inclusion 0.0318 17 176 31 185
inclusion 0.0318 0 69 5 80
inclusion 0.0318 0 50 5 60
inclusion 0.0318 75 122 86 133
inclusion 0.0317 100 8 109 20
inclusion 0.0317 167 19 180 29
inclusion 0.0316 0 59 3 86
inclusion 0.0316 27 123 44 131
inclusion 0.0313 61 0 73 9
inclusion 0.0312 66 12 76 23
inclusion 0.0312 63 70 78 78
inclusion 0.0311 40 79 54 88
inclusion 0.0310 15 0 33 4
inclusion 0.0310 77 191 85 200
inclusion 0.0310 183 195 199 200
inclusion 0.0309 66 19 75 30
inclusion 0.0309 68 92 80 103
inclusion 0.0308 68 33 74 51
inclusion 0.0308 0 184 3 200
inclusion 0.0307 193 40 200 49
inclusion 0.0307 0 79 10 90
inclusion 0.0306 0 11 8 18
inclusion 0.0306 47 0 64 8
inclusion 0.0306 97 191 105 200
inclusion 0.0306 0 65 5 76
inclusion 0.0305 145 156 156 166
inclusion 0.0304 0 121 5 136
inclusion 0.0304 187 28 196 40
inclusion 0.0304 67 191 75 200
inclusion 0.0304 101 120 116 128
inclusion 0.0303 103 182 113 193
inclusion 0.0302 194 47 200 61
inclusion 0.0302 19 33 29 42
inclusion 0.0302 183 192 193 200
inclusion 0.0302 187 166 199 175
inclusion 0.0301 57 108 64 123
inclusion 0.0299 74 46 83 57
inclusion 0.0298 0 8 9 22
inclusion 0.0298 104 60 116 69
inclusion 0.0297 55 194 73 199
inclusion 0.0297 195 0 200 8
inclusion 0.0296 193 169 200 180
inclusion 0.0296 0 46 5 56
inclusion 0.0296 176 126 190 135
inclusion 0.0296 0 188 5 200
inclusion 0.0296 6 45 15 57
inclusion 0.0295 97 0 106 6
inclusion 0.0295 0 90 6 100
inclusion 0.0295 0 111 6 123
inclusion 0.0295 94 3 103 13
inclusion 0.0295 193 66 200 76
inclusion 0.0294 60 102 69 114
inclusion 0.0294 0 180 8 188
inclusion 0.0294 196 57 199 82
inclusion 0.0294 180 30 188 40
inclusion 0.0293 51 56 66 65
inclusion 0.0293 169 195 186 200
inclusion 0.0293 17 44 25 54
inclusion 0.0292 180 27 189 37
inclusion 0.0292 100 0 110 7
inclusion 0.0292 14 46 22 57
inclusion 0.0292 193 29 200 39
inclusion 0.0292 0 47 3 73
inclusion 0.0292 86 195 102 200
inclusion 0.0291 59 1 69 12
inclusion 0.0291 70 16 81 25
inclusion 0.0291 64 66 78 75
inclusion 0.0291 49 54 65 61
inclusion 0.0290 191 164 199 172
inclusion 0.0290 41 77 55 85
inclusion 0.0289 26 74 35 83
inclusion 0.0289 96 145 106 157
inclusion 0.0289 104 122 118 132
inclusion 0.0289 26 176 36 186
inclusion 0.0289 159 0 176 4
inclusion 0.0288 40 0 57 5
inclusion 0.0288 17 180 32 188
inclusion 0.0287 0 13 12 22
inclusion 0.0287 9 0 20 5
inclusion 0.0287 63 40 77 55
inclusion 0.0287 119 193 130 200
inclusion 0.0286 159 0 169 6
inclusion 0.0286 3 44 17 52
inclusion 0.0286 105 188 111 200
inclusion 0.0286 70 46 79 57
inclusion 0.0286 183 83 191 93
inclusion 0.0285 196 184 199 200
inclusion 0.0285 17 37 31 45
inclusion 0.0285 0 110 9 125
inclusion 0.0284 73 26 81 40
inclusion 0.0284 45 77 55 89
inclusion 0.0283 31 195 52 200
inclusion 0.0283 39 150 50 160
inclusion 0.0282 73 195 89 200
inclusion 0.0282 191 14 200 22
inclusion 0.0281 23 177 39 185
inclusion 0.0281 0 46 11 55
inclusion 0.0281 16 38 26 51
inclusion 0.0280 66 63 77 73
inclusion 0.0280 0 183 8 191
inclusion 0.0280 53 77 63 91
inclusion 0.0279 56 72 70 81
inclusion 0.0279 177 196 200 200
inclusion 0.0279 82 186 92 197
inclusion 0.0279 177 191 185 200
inclusion 0.0279 125 195 143 200
inclusion 0.0279 70 19 80 30
inclusion 0.0279 60 191 74 199
inclusion 0.0278 55 153 66 167
inclusion 0.0278 94 191 102 200
inclusion 0.0277 62 2 73 13
inclusion 0.0277 179 18 190 29
inclusion 0.0277 191 174 200 182
inclusion 0.0276 79 23 89 33
inclusion 0.0276 191 44 200 52
inclusion 0.0275 100 3 110 16
inclusion 0.0275 49 77 59 90
inclusion 0.0275 155 195 173 200
inclusion 0.0274 10 46 19 57
inclusion 0.0274 183 86 191 97
inclusion 0.0274 0 102 5 114
inclusion 0.0274 83 0 97 15
inclusion 0.0273 107 120 116 135
inclusion 0.0273 101 12 108 25
inclusion 0.0273 177 122 190 132
inclusion 0.0273 2 0 21 8
inclusion 0.0272 27 180 36 190
inclusion 0.0272 194 79 200 90
inclusion 0.0272 167 16 181 25
inclusion 0.0272 0 2 6 13
inclusion 0.0272 187 66 196 77
inclusion 0.0271 107 196 135 199
inclusion 0.0271 190 27 198 41
inclusion 0.0270 23 178 32 190
inclusion 0.0270 136 195 153 200
inclusion 0.0270 93 154 103 164
inclusion 0.0269 192 47 200 56
inclusion 0.0269 177 27 185 37
inclusion 0.0268 178 0 185 10
inclusion 0.0268 129 113 139 123
inclusion 0.0267 55 75 68 85
inclusion 0.0267 179 40 189 50
inclusion 0.0266 61 92 75 102
inclusion 0.0266 92 145 102 156
inclusion 0.0266 143 154 159 162
inclusion 0.0265 84 132 97 142
inclusion 0.0265 69 7 80 20
inclusion 0.0265 71 3 84 16
inclusion 0.0265 191 0 198 8
inclusion 0.0264 82 182 93 193
inclusion 0.0264 63 48 72 61
inclusion 0.0264 44 145 52 159
inclusion 0.0263 76 20 92 28
inclusion 0.0263 77 6 92 15
inclusion 0.0263 196 162 199 189
inclusion 0.0263 100 191 116 200
inclusion 0.0262 0 6 11 16
inclusion 0.0262 179 25 184 42
inclusion 0.0262 65 140 76 150
inclusion 0.0262 113 34 122 47
inclusion 0.0261 71 190 78 199
inclusion 0.0261 43 0 54 9
inclusion 0.0261 3 0 12 8
inclusion 0.0261 26 69 36 79
inclusion 0.0260 182 190 200 199
inclusion 0.0259 79 182 89 193
inclusion 0.0259 127 192 135 199
inclusion 0.0259 0 51 4 66
inclusion 0.0259 0 50 11 59
inclusion 0.0259 20 39 29 50
inclusion 0.0258 89 72 99 83
inclusion 0.0258 164 0 172 8
inclusion 0.0258 80 0 88 10
inclusion 0.0258 76 30 86 42
inclusion 0.0258 19 177 29 190
inclusion 0.0257 65 34 78 42
inclusion 0.0257 193 52 200 62
inclusion 0.0257 0 71 9 86
inclusion 0.0256 74 41 83 53
inclusion 0.0256 187 120 199 129
inclusion 0.0256 90 80 100 90
inclusion 0.0256 84 26 93 38
inclusion 0.0256 20 43 28 53
inclusion 0.0255 118 0 137 4
inclusion 0.0255 106 57 114 71
inclusion 0.0254 0 43 8 51
inclusion 0.0254 0 59 5 70
inclusion 0.0254 145 195 163 200
inclusion 0.0254 67 39 83 55
inclusion 0.0254 130 191 138 200
inclusion 0.0253 182 148 192 160
inclusion 0.0253 103 76 112 87
inclusion 0.0253 93 172 102 183
inclusion 0.0253 10 0 27 9
inclusion 0.0252 54 107 69 116
inclusion 0.0252 76 0 87 6
inclusion 0.0252 113 190 130 199
inclusion 0.0252 195 53 200 69
inclusion 0.0251 0 77 7 85
inclusion 0.0251 86 184 96 196
inclusion 0.0251 57 156 72 166
inclusion 0.0251 80 26 89 38
inclusion 0.0251 195 161 199 176
inclusion 0.0250 63 34 78 49
inclusion 0.0250 101 66 113 75
inclusion 0.0250 119 153 129 163
inclusion 0.0250 70 122 84 132
inclusion 0.0250 124 191 132 199
inclusion 0.0250 47 80 62 88
inclusion 0.0250 73 22 82 34
inclusion 0.0249 180 41 187 55
inclusion 0.0248 195 34 200 49
inclusion 0.0248 174 20 188 28
inclusion 0.0248 90 153 98 164
inclusion 0.0248 180 119 194 129
inclusion 0.0248 83 191 100 200
inclusion 0.0247 52 72 63 85
inclusion 0.0247 0 117 10 132
inclusion 0.0247 17 30 31 39
inclusion 0.0247 174 191 182 200
inclusion 0.0247 27 125 35 139
inclusion 0.0247 7 136 15 149
inclusion 0.0247 23 174 39 181
inclusion 0.0246 94 12 102 25
inclusion 0.0246 22 70 32 80
inclusion 0.0246 32 0 49 4
inclusion 0.0246 0 63 10 73
inclusion 0.0245 66 24 76 34
inclusion 0.0245 177 80 190 89
inclusion 0.0245 178 93 188 104
inclusion 0.0245 107 188 117 198
inclusion 0.0244 0 194 18 199
inclusion 0.0244 174 129 188 138
inclusion 0.0244 86 5 95 17
inclusion 0.0244 194 96 200 106
inclusion 0.0244 196 22 199 49
inclusion 0.0243 196 73 199 99
inclusion 0.0243 180 70 194 79
inclusion 0.0243 0 82 11 94
inclusion 0.0242 181 27 195 42
inclusion 0.0242 113 59 122 70
inclusion 0.0242 16 76 30 85
inclusion 0.0241 189 63 194 81
inclusion 0.0241 62 44 81 51
inclusion 0.0241 0 53 10 63
inclusion 0.0241 65 90 81 98
inclusion 0.0241 91 75 98 89
inclusion 0.0241 0 179 5 195
inclusion 0.0241 191 187 200 195
inclusion 0.0240 23 36 33 46
inclusion 0.0240 7 42 15 54
inclusion 0.0240 59 5 69 17
inclusion 0.0240 20 28 28 41
inclusion 0.0240 0 144 17 185
inclusion 0.0239 0 70 11 79
inclusion 0.0239 190 170 200 185
inclusion 0.0239 43 16 53 26
inclusion 0.0239 69 68 79 80
inclusion 0.0239 165 12 176 24
inclusion 0.0238 104 7 114 20
inclusion 0.0238 186 26 191 44
inclusion 0.0238 186 146 195 157
inclusion 0.0238 182 93 191 104
inclusion 0.0237 182 66 192 77
inclusion 0.0237 191 51 200 58
inclusion 0.0237 191 177 200 185
inclusion 0.0237 0 98 5 110
inclusion 0.0236 196 45 199 72
inclusion 0.0236 70 24 80 34
inclusion 0.0236 23 73 31 83
inclusion 0.0236 174 0 182 8
inclusion 0.0236 93 157 103 167
inclusion 0.0236 52 20 63 33
inclusion 0.0235 67 30 76 40
inclusion 0.0235 102 83 112 93
inclusion 0.0235 194 93 200 103
inclusion 0.0235 72 65 83 76
inclusion 0.0235 0 85 3 109
inclusion 0.0234 192 61 200 69
inclusion 0.0234 63 187 78 195
inclusion 0.0234 120 36 129 47
inclusion 0.0234 45 78 67 83
inclusion 0.0234 166 0 183 5
inclusion 0.0233 41 130 57 138
inclusion 0.0232 71 29 79 41
inclusion 0.0231 36 59 46 70
inclusion 0.0231 61 14 74 22
inclusion 0.0231 53 17 68 25
inclusion 0.0231 63 36 72 48
inclusion 0.0231 107 189 123 199
inclusion 0.0231 179 107 189 121
inclusion 0.0230 63 142 73 153
inclusion 0.0230 179 128 189 139
inclusion 0.0230 88 3 100 12
inclusion 0.0230 11 44 24 52
inclusion 0.0230 89 162 99 173
inclusion 0.0230 55 110 68 119
inclusion 0.0230 89 169 100 181
inclusion 0.0230 169 26 179 37
inclusion 0.0229 103 66 111 82
inclusion 0.0229 87 69 102 78
inclusion 0.0229 96 105 106 117
inclusion 0.0229 62 138 83 144
inclusion 0.0229 178 142 189 155
inclusion 0.0229 195 11 200 25
inclusion 0.0229 0 13 8 30
inclusion 0.0229 52 1 63 13
inclusion 0.0228 24 27 39 35
inclusion 0.0228 51 137 65 145
inclusion 0.0228 68 14 84 22
inclusion 0.0228 59 10 69 20
inclusion 0.0228 55 19 65 30
inclusion 0.0228 0 176 9 192
inclusion 0.0228 44 194 65 200
inclusion 0.0227 111 56 117 74
inclusion 0.0227 72 18 78 34
inclusion 0.0227 0 84 8 92
inclusion 0.0227 139 0 156 7
inclusion 0.0227 61 46 73 55
inclusion 0.0227 106 125 117 138
inclusion 0.0226 172 17 183 30
inclusion 0.0226 104 0 113 9
inclusion 0.0226 15 34 26 45
inclusion 0.0226 36 50 46 60
inclusion 0.0226 130 85 139 96
inclusion 0.0226 127 15 142 25
inclusion 0.0226 72 19 85 29
inclusion 0.0226 113 56 123 67
inclusion 0.0225 181 0 187 14
inclusion 0.0225 179 22 189 33
inclusion 0.0224 179 53 189 63
inclusion 0.0224 0 155 4 167
inclusion 0.0224 0 73 11 82
inclusion 0.0224 103 118 121 136
inclusion 0.0223 73 120 88 129
inclusion 0.0223 73 3 88 12
inclusion 0.0223 70 107 84 115
inclusion 0.0223 89 149 99 161
inclusion 0.0223 4 124 19 131
inclusion 0.0223 30 0 38 8
inclusion 0.0223 84 22 92 35
inclusion 0.0223 39 153 50 164
inclusion 0.0223 23 39 32 50
inclusion 0.0223 22 174 32 183
inclusion 0.0223 124 189 149 199
inclusion 0.0223 66 73 76 83
inclusion 0.0222 108 52 119 63
inclusion 0.0222 82 33 93 43
inclusion 0.0222 176 40 185 50
inclusion 0.0222 94 123 108 132
inclusion 0.0222 114 37 128 45
inclusion 0.0222 25 121 36 132
inclusion 0.0221 83 44 97 52
inclusion 0.0221 33 0 42 8
inclusion 0.0221 106 33 117 43
inclusion 0.0221 90 88 98 103
inclusion 0.0221 191 39 198 51
inclusion 0.0220 182 121 192 133
inclusion 0.0220 44 137 58 145
inclusion 0.0220 89 47 99 56
inclusion 0.0220 175 81 186 95
inclusion 0.0220 12 38 23 50
inclusion 0.0219 119 149 129 160
inclusion 0.0219 192 84 200 92
inclusion 0.0219 68 14 74 30
inclusion 0.0219 53 0 80 3
inclusion 0.0219 77 180 93 189
inclusion 0.0219 99 183 109 193
inclusion 0.0219 120 157 130 167
inclusion 0.0219 23 44 32 54
inclusion 0.0218 61 43 73 52
inclusion 0.0218 193 129 200 140
inclusion 0.0218 190 147 199 157
inclusion 0.0218 72 0 89 9
inclusion 0.0218 129 109 139 120
inclusion 0.0218 63 6 73 17
inclusion 0.0218 89 132 99 143
inclusion 0.0218 86 166 96 177
inclusion 0.0218 193 16 200 26
inclusion 0.0218 0 162 4 173
inclusion 0.0218 114 20 128 28
inclusion 0.0218 85 183 99 192
inclusion 0.0218 81 24 88 42
inclusion 0.0217 160 191 168 200
inclusion 0.0217 65 94 76 107
inclusion 0.0217 94 196 118 200
inclusion 0.0217 72 8 83 21
inclusion 0.0217 170 0 179 8
inclusion 0.0217 6 134 16 143
inclusion 0.0217 69 136 79 146
inclusion 0.0217 0 155 19 170
inclusion 0.0217 72 39 77 57
inclusion 0.0217 48 0 56 8
inclusion 0.0217 36 67 45 77
inclusion 0.0216 196 135 199 165
inclusion 0.0216 67 9 76 20
inclusion 0.0216 190 63 198 73
inclusion 0.0216 24 181 40 189
inclusion 0.0216 49 53 60 66
inclusion 0.0216 110 66 119 78
inclusion 0.0216 163 195 180 200
inclusion 0.0215 93 102 103 114
inclusion 0.0215 73 103 87 112
inclusion 0.0215 105 55 116 67
inclusion 0.0215 11 195 31 199
inclusion 0.0215 98 0 105 10
inclusion 0.0215 41 0 49 8
inclusion 0.0215 71 126 86 135
inclusion 0.0215 132 193 143 200
inclusion 0.0215 53 16 62 27
inclusion 0.0214 63 56 72 67
inclusion 0.0214 176 118 197 138
inclusion 0.0214 66 15 86 27
inclusion 0.0214 176 190 193 199
inclusion 0.0214 166 46 176 57
inclusion 0.0214 7 48 15 61
inclusion 0.0214 80 185 88 198
inclusion 0.0214 43 20 53 30
inclusion 0.0214 0 129 5 140
inclusion 0.0214 63 10 73 21
inclusion 0.0214 187 125 196 137
inclusion 0.0213 176 23 186 34
inclusion 0.0213 106 0 116 7
inclusion 0.0213 11 48 18 64
inclusion 0.0213 70 191 86 200
inclusion 0.0213 164 191 172 200
inclusion 0.0213 31 68 39 80
inclusion 0.0213 182 90 191 100
inclusion 0.0213 89 85 99 96
inclusion 0.0212 43 70 53 81
inclusion 0.0212 98 148 106 164
inclusion 0.0212 194 89 200 99
inclusion 0.0212 127 163 143 171
inclusion 0.0212 190 122 199 134
inclusion 0.0212 12 42 34 47
inclusion 0.0212 152 196 182 199
inclusion 0.0212 193 32 200 43
inclusion 0.0212 175 131 186 145
inclusion 0.0212 0 57 7 65
inclusion 0.0212 196 106 199 135
inclusion 0.0211 0 160 8 168
inclusion 0.0211 10 36 24 44
inclusion 0.0211 0 157 8 165
inclusion 0.0211 50 72 67 88
inclusion 0.0211 39 146 49 156
inclusion 0.0211 70 96 80 107
inclusion 0.0211 180 146 193 156
inclusion 0.0211 94 92 102 107
inclusion 0.0210 130 126 140 137
inclusion 0.0210 37 51 45 65
inclusion 0.0210 3 16 13 27
inclusion 0.0210 62 134 73 147
inclusion 0.0210 6 126 16 136
inclusion 0.0210 169 21 179 34
inclusion 0.0210 117 29 124 41
inclusion 0.0210 0 187 8 195
inclusion 0.0210 99 17 109 26
inclusion 0.0210 191 161 200 169
inclusion 0.0210 119 191 137 199
inclusion 0.0209 18 41 24 58
inclusion 0.0209 59 16 70 26
inclusion 0.0209 0 106 6 117
inclusion 0.0209 194 146 200 157
inclusion 0.0209 172 127 183 140
inclusion 0.0209 0 124 8 132
inclusion 0.0209 70 50 79 60
inclusion 0.0209 75 185 95 191
inclusion 0.0209 1 113 17 122
inclusion 0.0208 9 44 19 53
inclusion 0.0208 193 85 200 96
inclusion 0.0208 67 134 75 147
inclusion 0.0208 23 30 33 40
inclusion 0.0207 89 6 99 17
inclusion 0.0207 71 11 79 24
inclusion 0.0207 8 0 14 9
inclusion 0.0207 178 16 191 25
inclusion 0.0207 107 83 116 94
inclusion 0.0207 0 149 2 183
inclusion 0.0207 0 0 29 3
inclusion 0.0207 40 191 49 200
inclusion 0.0207 61 141 74 148
inclusion 0.0206 36 63 46 74
inclusion 0.0206 169 129 180 140
inclusion 0.0206 142 157 152 166
inclusion 0.0206 49 155 65 165
inclusion 0.0206 0 19 5 30
inclusion 0.0206 72 68 83 80
inclusion 0.0206 191 38 200 45
inclusion 0.0206 151 170 165 178
inclusion 0.0205 46 13 56 23
inclusion 0.0205 106 56 122 72
inclusion 0.0205 0 47 9 62
inclusion 0.0205 139 5 149 17
inclusion 0.0205 63 188 71 198
inclusion 0.0205 180 77 188 91
inclusion 0.0205 120 146 130 157
inclusion 0.0205 144 173 158 182
inclusion 0.0205 42 13 53 23
inclusion 0.0205 0 162 18 177
inclusion 0.0205 103 0 120 10
inclusion 0.0205 71 45 92 50
inclusion 0.0205 0 127 12 135
inclusion 0.0205 182 80 192 90
inclusion 0.0205 63 70 72 83
inclusion 0.0204 24 67 39 75
inclusion 0.0204 146 159 156 170
inclusion 0.0204 29 71 34 87
inclusion 0.0204 86 134 96 147
inclusion 0.0204 167 0 175 8
inclusion 0.0204 166 15 182 32
inclusion 0.0204 180 36 189 47
inclusion 0.0204 73 97 84 107
inclusion 0.0204 180 73 194 82
inclusion 0.0204 29 177 34 196
inclusion 0.0204 54 98 77 103
inclusion 0.0204 122 0 133 9
inclusion 0.0203 0 175 5 186
inclusion 0.0203 70 64 78 76
inclusion 0.0203 171 56 184 66
inclusion 0.0203 69 73 79 83
inclusion 0.0203 19 169 30 181
inclusion 0.0203 0 96 9 113
inclusion 0.0203 9 122 19 133
inclusion 0.0203 182 96 192 107
inclusion 0.0203 43 143 52 153
inclusion 0.0203 77 191 92 200
inclusion 0.0203 177 90 189 100
inclusion 0.0202 82 30 96 39
inclusion 0.0202 26 77 36 87
inclusion 0.0202 10 126 20 137
inclusion 0.0202 80 177 88 191
inclusion 0.0202 80 74 95 82
inclusion 0.0202 6 130 16 140
inclusion 0.0202 56 5 66 17
inclusion 0.0202 89 166 100 176
inclusion 0.0202 93 6 102 16
inclusion 0.0202 15 0 33 9
inclusion 0.0202 53 103 62 121
inclusion 0.0202 67 49 75 60
inclusion 0.0201 20 0 29 8
inclusion 0.0201 175 55 186 66
inclusion 0.0201 4 44 12 58
inclusion 0.0201 194 72 200 83
inclusion 0.0201 27 103 43 111
inclusion 0.0201 42 99 60 107
inclusion 0.0201 188 27 199 35
inclusion 0.0201 92 73 105 82
inclusion 0.0201 80 99 96 108
inclusion 0.0201 30 36 39 47
inclusion 0.0201 189 32 199 43
inclusion 0.0201 55 159 66 170
inclusion 0.0201 37 60 53 68
inclusion 0.0201 166 16 175 31
inclusion 0.0201 97 13 106 24
inclusion 0.0201 181 82 187 102
inclusion 0.0200 146 63 156 73
inclusion 0.0200 127 116 142 126
inclusion 0.0200 17 27 31 35
inclusion 0.0200 150 153 165 161
inclusion 0.0200 22 76 32 86
inclusion 0.0200 45 193 57 200
inclusion 0.0200 0 40 8 48
inclusion 0.0200 14 60 29 68
inclusion 0.0200 185 189 191 200
inclusion 0.0200 62 100 67 120
