open 0.9986 29 29 64 73
open 0.9917 108 97 152 123
short 0.9927 221 272 256 298
short 0.9896 344 45 382 78
short 0.7110 447 190 492 224
short 0.0432 360 97 419 135
short 0.0415 11 103 81 139
short 0.0304 201 95 251 131
mousebite 0.9889 73 484 105 518
mousebite 0.9636 136 235 162 262
mousebite 0.0314 447 190 492 224
spur 0.9784 423 127 450 159
spur 0.5419 448 190 489 224
copper 0.9967 175 207 200 237
copper 0.9945 215 338 243 364
pin-hole 0.9973 276 233 303 267
pin-hole 0.9877 296 167 333 194
pin-hole 0.0203 0 147 13 182
