open 0.0322 501 0 529 20
short 0.0266 530 2 567 28
mousebite 0.9979 467 3 498 33
mousebite 0.9912 101 225 130 257
mousebite 0.0711 530 2 567 28
mousebite 0.0349 471 0 517 32
mousebite 0.0212 481 1 506 26
spur 0.9763 292 222 326 252
spur 0.8803 531 5 567 37
copper 0.9997 168 343 203 373
copper 0.7853 502 1 527 23
copper 0.1442 492 0 524 27
copper 0.0701 503 0 549 25
copper 0.0458 529 3 566 36
copper 0.0255 513 1 537 22
pin-hole 0.9955 517 268 550 300
pin-hole 0.2583 530 2 567 28
pin-hole 0.0553 523 0 560 18
