open 0.9902 316 169 354 196
open 0.9392 102 380 135 405
short 0.9579 77 266 125 296
short 0.8194 157 354 222 385
short 0.0270 94 276 130 321
short 0.0256 444 482 478 544
short 0.0238 152 352 191 381
short 0.0227 524 594 553 632
mousebite 0.9954 245 203 276 227
mousebite 0.1791 289 244 318 271
spur 0.9865 193 156 227 182
spur 0.0338 83 267 125 296
spur 0.0319 289 243 318 272
spur 0.0315 178 355 222 386
copper 0.9998 575 60 609 96
copper 0.0251 445 625 483 638
pin-hole 0.9929 531 575 559 602
pin-hole 0.6541 289 244 318 271
