open 0.9924 321 436 358 469
short 0.9993 182 530 229 566
short 0.0365 95 611 129 639
short 0.0253 159 611 196 639
short 0.0244 627 603 640 634
short 0.0234 106 617 134 640
short 0.0232 168 616 216 640
short 0.0232 140 609 166 638
short 0.0228 76 609 102 638
short 0.0213 28 624 66 640
short 0.0206 44 618 71 640
short 0.0204 61 612 96 638
short 0.0203 0 575 13 612
short 0.0202 24 618 51 639
mousebite 0.9984 523 371 562 404
spur 0.9924 160 431 194 462
copper 0.0388 403 218 447 264
copper 0.0302 337 189 381 235
copper 0.0213 43 221 85 266
pin-hole 0.8053 328 36 356 69
