open 0.9640 336 466 372 496
short 0.9880 220 561 254 594
short 0.0937 214 276 256 310
short 0.0842 480 613 515 640
short 0.0579 416 612 449 640
short 0.0512 448 611 480 640
short 0.0418 478 624 525 640
short 0.0314 421 606 461 639
short 0.0311 0 527 13 570
short 0.0301 378 624 418 640
short 0.0291 508 596 549 634
short 0.0290 419 625 467 640
short 0.0275 451 625 499 640
short 0.0245 395 603 422 636
short 0.0220 0 580 24 622
short 0.0219 441 606 469 636
short 0.0209 0 614 14 639
short 0.0206 458 606 485 636
mousebite 0.9979 44 523 77 552
spur 0.9699 146 303 179 335
copper 0.1237 379 224 417 264
copper 0.0386 8 221 47 264
copper 0.0345 444 215 481 257
