scratches 0.0325 19 68 39 74
scratches 0.0319 33 115 51 121
scratches 0.0309 118 146 124 163
scratches 0.0272 114 109 131 114
scratches 0.0272 103 172 122 177
scratches 0.0267 21 65 43 70
scratches 0.0264 36 75 55 80
scratches 0.0262 39 82 58 87
scratches 0.0261 25 106 47 111
scratches 0.0261 29 118 49 124
scratches 0.0260 45 69 51 89
scratches 0.0259 51 177 57 199
scratches 0.0252 36 89 55 94
scratches 0.0249 96 165 115 170
scratches 0.0248 109 159 128 164
scratches 0.0247 38 116 44 136
scratches 0.0247 110 155 127 161
scratches 0.0244 29 39 48 44
scratches 0.0243 35 115 41 136
scratches 0.0241 116 146 136 151
scratches 0.0240 46 88 51 109
scratches 0.0238 37 38 56 44
scratches 0.0235 148 172 169 178
scratches 0.0232 35 25 56 30
scratches 0.0231 7 146 24 163
scratches 0.0231 163 12 182 17
scratches 0.0231 0 135 19 140
scratches 0.0228 183 75 200 80
scratches 0.0228 122 99 127 118
scratches 0.0227 177 5 194 11
scratches 0.0225 41 52 48 73
scratches 0.0224 183 72 200 77
scratches 0.0222 176 179 194 185
scratches 0.0222 40 78 58 84
scratches 0.0221 5 86 21 103
scratches 0.0218 36 112 55 117
scratches 0.0217 177 15 194 21
scratches 0.0217 0 139 18 144
scratches 0.0216 46 101 51 123
scratches 0.0216 36 92 55 97
scratches 0.0215 115 147 129 163
scratches 0.0214 40 95 58 101
scratches 0.0212 118 98 124 118
scratches 0.0211 40 58 59 64
scratches 0.0210 46 76 51 94
scratches 0.0209 5 46 11 66
scratches 0.0208 183 5 200 11
scratches 0.0206 25 89 31 109
scratches 0.0205 33 122 52 127
scratches 0.0204 182 9 187 27
scratches 0.0204 172 142 194 148
scratches 0.0204 141 119 164 124
scratches 0.0204 50 183 66 198
scratches 0.0202 114 105 131 111
scratches 0.0202 119 135 139 141
scratches 0.0201 15 85 36 90
scratches 0.0200 166 15 184 21
scratches 0.0200 92 179 112 184
scratches 0.0200 146 138 166 144
pitted_surface 0.0248 10 0 25 16
pitted_surface 0.0239 0 172 15 189
pitted_surface 0.0229 63 183 80 199
pitted_surface 0.0214 107 169 122 187
pitted_surface 0.0212 4 1 19 16
pitted_surface 0.0210 111 137 125 154
pitted_surface 0.0208 63 113 80 128
rolled-in_scale 0.0334 174 0 200 9
rolled-in_scale 0.0298 181 0 200 19
rolled-in_scale 0.0272 159 0 200 6
rolled-in_scale 0.0272 186 0 200 13
rolled-in_scale 0.0271 187 46 200 68
rolled-in_scale 0.0266 86 0 139 6
rolled-in_scale 0.0264 91 0 126 24
rolled-in_scale 0.0263 86 0 119 15
rolled-in_scale 0.0249 183 41 200 75
rolled-in_scale 0.0248 144 0 177 16
rolled-in_scale 0.0237 183 8 200 46
rolled-in_scale 0.0236 189 52 200 84
rolled-in_scale 0.0230 88 24 120 54
rolled-in_scale 0.0228 153 0 186 8
rolled-in_scale 0.0227 93 0 126 8
rolled-in_scale 0.0226 192 0 199 26
rolled-in_scale 0.0224 190 25 200 60
rolled-in_scale 0.0223 93 158 108 173
rolled-in_scale 0.0222 167 0 198 17
rolled-in_scale 0.0220 157 107 165 121
rolled-in_scale 0.0216 79 0 113 8
rolled-in_scale 0.0216 98 0 131 16
rolled-in_scale 0.0216 100 75 135 106
rolled-in_scale 0.0214 183 169 192 180
rolled-in_scale 0.0212 154 107 169 122
rolled-in_scale 0.0210 81 182 114 199
rolled-in_scale 0.0209 184 54 199 71
rolled-in_scale 0.0208 193 18 200 74
rolled-in_scale 0.0205 161 7 174 23
rolled-in_scale 0.0202 181 167 195 183
rolled-in_scale 0.0202 108 161 121 176
rolled-in_scale 0.0201 90 13 127 38
rolled-in_scale 0.0200 183 20 200 37
patches 0.9914 132 108 197 158
patches 0.9755 7 3 67 185
patches 0.4701 142 168 183 200
patches 0.2995 10 125 69 197
patches 0.1276 176 166 198 200
patches 0.1217 4 182 58 199
patches 0.1133 156 154 196 199
patches 0.1117 125 159 179 199
patches 0.1026 0 172 8 200
patches 0.1020 176 0 197 115
patches 0.0987 1 181 17 200
patches 0.0978 3 165 54 199
patches 0.0969 151 177 195 199
patches 0.0940 10 0 41 18
patches 0.0932 19 168 71 199
patches 0.0914 0 171 34 200
patches 0.0906 0 186 13 200
patches 0.0883 0 105 8 148
patches 0.0873 26 129 42 145
patches 0.0868 8 183 24 200
patches 0.0866 139 191 183 199
patches 0.0850 0 189 25 200
patches 0.0848 185 6 199 121
patches 0.0848 8 0 48 8
patches 0.0847 134 123 192 180
patches 0.0820 23 0 65 8
patches 0.0805 15 0 39 3
patches 0.0797 59 174 106 200
patches 0.0790 151 184 174 199
patches 0.0777 45 174 88 200
patches 0.0771 1 116 47 176
patches 0.0761 136 0 192 136
patches 0.0747 17 0 34 9
patches 0.0745 133 110 173 123
patches 0.0745 8 154 87 200
patches 0.0743 0 191 8 199
patches 0.0729 104 181 175 199
patches 0.0728 191 178 199 200
patches 0.0726 15 0 50 30
patches 0.0715 0 0 17 3
patches 0.0714 0 185 3 200
patches 0.0713 184 196 200 199
patches 0.0708 156 189 190 199
patches 0.0706 1 107 23 152
patches 0.0706 17 187 25 199
patches 0.0705 7 196 33 199
patches 0.0703 136 179 168 199
patches 0.0701 18 186 34 199
patches 0.0699 0 81 18 150
patches 0.0698 23 0 40 13
patches 0.0696 31 190 64 199
patches 0.0695 184 1 200 61
patches 0.0695 7 0 69 16
patches 0.0693 0 143 34 198
patches 0.0690 0 136 3 162
patches 0.0687 17 153 34 169
patches 0.0687 190 114 199 160
patches 0.0684 55 124 80 166
patches 0.0684 31 179 64 198
patches 0.0682 40 0 68 10
patches 0.0682 0 111 12 137
patches 0.0678 0 0 25 9
patches 0.0677 173 189 200 199
patches 0.0674 75 175 124 199
patches 0.0670 0 0 11 9
patches 0.0665 130 196 155 199
patches 0.0663 13 149 31 165
patches 0.0660 25 0 59 23
patches 0.0659 0 166 18 199
patches 0.0658 15 182 30 200
patches 0.0656 151 172 176 197
patches 0.0654 133 150 196 190
patches 0.0653 0 142 6 153
patches 0.0650 7 189 39 200
patches 0.0649 142 180 158 199
patches 0.0649 92 176 140 199
patches 0.0648 9 2 62 78
patches 0.0640 160 0 199 17
patches 0.0637 186 186 200 200
patches 0.0633 167 181 183 199
patches 0.0626 58 156 84 200
patches 0.0625 0 113 3 140
patches 0.0624 0 196 18 199
patches 0.0624 54 0 79 3
patches 0.0621 37 150 75 199
patches 0.0616 0 0 7 27
patches 0.0616 181 133 199 196
patches 0.0612 149 181 165 199
patches 0.0611 139 187 144 200
patches 0.0610 180 113 198 151
patches 0.0609 134 178 148 196
patches 0.0603 0 0 6 5
patches 0.0603 45 190 79 199
patches 0.0602 57 196 82 199
patches 0.0602 98 4 184 79
patches 0.0601 100 196 127 199
patches 0.0597 49 1 62 21
patches 0.0595 0 116 7 173
patches 0.0595 16 0 31 19
patches 0.0592 4 0 29 3
patches 0.0591 46 183 125 199
patches 0.0589 51 178 73 199
patches 0.0588 0 120 9 136
patches 0.0586 20 0 29 8
patches 0.0585 126 135 160 195
patches 0.0584 133 187 149 200
patches 0.0579 139 177 157 192
patches 0.0574 44 187 66 200
patches 0.0571 52 146 111 200
patches 0.0571 193 189 200 200
patches 0.0571 13 189 23 200
patches 0.0566 175 0 199 3
patches 0.0566 129 0 152 3
patches 0.0566 181 181 200 200
patches 0.0565 0 99 29 133
patches 0.0564 24 187 33 198
patches 0.0560 23 0 33 11
patches 0.0560 124 192 169 200
patches 0.0560 46 193 98 199
patches 0.0559 192 0 199 26
patches 0.0557 10 191 58 199
patches 0.0556 70 174 81 200
patches 0.0555 22 0 34 6
patches 0.0554 0 0 3 18
patches 0.0554 0 0 25 18
patches 0.0551 0 7 3 33
patches 0.0547 24 181 85 199
patches 0.0545 144 173 160 191
patches 0.0545 1 94 16 178
patches 0.0542 105 190 118 199
patches 0.0542 118 150 132 165
patches 0.0541 127 146 143 163
patches 0.0539 13 0 30 4
patches 0.0536 193 0 200 6
patches 0.0536 143 164 160 182
patches 0.0536 163 186 178 200
patches 0.0535 0 126 3 152
patches 0.0533 141 187 148 200
patches 0.0531 0 113 45 148
patches 0.0530 140 74 197 107
patches 0.0529 170 149 195 162
patches 0.0525 21 190 37 200
patches 0.0523 113 167 145 199
patches 0.0521 15 186 21 200
patches 0.0521 21 187 29 199
patches 0.0519 4 101 34 166
patches 0.0519 0 136 6 147
patches 0.0519 196 0 199 12
patches 0.0518 1 123 17 200
patches 0.0518 120 196 147 199
patches 0.0517 196 184 199 200
patches 0.0517 191 194 200 200
patches 0.0516 0 0 36 29
patches 0.0515 0 0 5 12
patches 0.0514 2 27 18 95
patches 0.0514 41 183 58 199
patches 0.0513 22 181 38 199
patches 0.0512 0 155 14 161
patches 0.0512 186 123 199 150
patches 0.0512 135 187 141 200
patches 0.0510 20 134 37 153
patches 0.0510 26 0 36 10
patches 0.0509 31 122 63 167
patches 0.0508 169 148 200 185
patches 0.0507 17 196 43 199
patches 0.0507 144 196 169 199
patches 0.0506 103 189 113 199
patches 0.0506 25 186 49 199
patches 0.0505 0 143 9 159
patches 0.0504 161 178 177 198
patches 0.0502 63 172 75 200
patches 0.0502 10 145 28 162
patches 0.0500 120 149 129 160
patches 0.0499 163 139 182 155
patches 0.0497 183 0 199 4
patches 0.0497 0 117 5 132
patches 0.0496 160 111 195 154
patches 0.0496 174 0 200 31
patches 0.0494 21 156 37 174
patches 0.0493 130 178 143 200
patches 0.0492 192 92 199 133
patches 0.0491 68 134 81 167
patches 0.0489 56 172 69 200
patches 0.0488 130 111 169 145
patches 0.0487 129 132 135 151
patches 0.0487 18 16 24 33
patches 0.0487 122 146 128 163
patches 0.0486 0 53 3 78
patches 0.0486 73 52 128 117
patches 0.0486 54 0 69 17
patches 0.0485 14 20 29 37
patches 0.0485 58 187 80 200
patches 0.0484 24 3 39 22
patches 0.0481 57 64 69 113
patches 0.0481 0 91 10 128
patches 0.0481 138 179 145 195
patches 0.0480 60 0 118 19
patches 0.0479 0 86 3 112
patches 0.0476 0 141 7 148
patches 0.0471 152 150 193 162
patches 0.0470 0 164 9 179
patches 0.0470 12 0 23 6
patches 0.0470 0 167 8 175
patches 0.0469 0 153 3 177
patches 0.0469 0 161 3 185
patches 0.0469 169 0 198 70
patches 0.0467 143 189 152 199
patches 0.0467 17 0 26 8
patches 0.0467 13 141 31 159
patches 0.0467 168 163 182 197
patches 0.0465 0 126 9 141
patches 0.0465 196 169 199 197
patches 0.0464 157 196 183 199
patches 0.0464 125 143 131 162
patches 0.0464 132 190 143 200
patches 0.0464 62 99 186 161
patches 0.0462 189 0 200 3
patches 0.0462 135 120 142 138
patches 0.0461 151 3 200 36
patches 0.0461 159 19 195 96
patches 0.0461 63 189 73 199
patches 0.0458 120 0 146 3
patches 0.0458 182 150 197 174
patches 0.0457 121 180 151 199
patches 0.0457 37 0 67 20
patches 0.0457 175 181 190 200
patches 0.0456 133 0 190 18
patches 0.0456 93 0 120 3
patches 0.0455 8 90 14 107
patches 0.0454 4 119 11 136
patches 0.0454 71 154 99 200
patches 0.0454 196 30 199 55
patches 0.0454 84 38 141 97
patches 0.0454 1 43 30 78
patches 0.0453 173 155 198 169
patches 0.0452 167 153 183 169
patches 0.0452 191 188 198 198
patches 0.0452 196 6 199 32
patches 0.0452 16 146 34 162
patches 0.0451 23 0 50 3
patches 0.0451 2 0 13 5
patches 0.0451 49 180 63 199
patches 0.0451 57 0 73 8
patches 0.0451 0 146 6 156
patches 0.0450 59 0 70 5
patches 0.0448 179 109 198 124
patches 0.0448 177 0 193 8
patches 0.0447 19 0 24 14
patches 0.0446 68 193 119 200
patches 0.0446 120 190 151 200
patches 0.0444 0 133 6 143
patches 0.0444 0 171 8 179
patches 0.0443 2 55 30 89
patches 0.0443 177 141 200 167
patches 0.0442 0 175 16 192
patches 0.0441 22 0 28 13
patches 0.0439 131 138 147 156
patches 0.0439 0 6 6 16
patches 0.0438 145 186 150 199
patches 0.0438 134 121 149 138
patches 0.0438 66 188 86 200
patches 0.0437 192 151 199 198
patches 0.0436 120 143 135 161
patches 0.0435 83 0 110 3
patches 0.0435 1 0 38 60
patches 0.0435 59 189 70 199
patches 0.0434 0 159 9 194
patches 0.0434 0 90 8 98
patches 0.0434 157 0 183 3
patches 0.0434 48 102 65 128
patches 0.0433 135 110 151 125
patches 0.0431 0 121 16 159
patches 0.0431 134 146 150 164
patches 0.0430 179 0 190 6
patches 0.0430 168 58 198 92
patches 0.0428 58 0 64 14
patches 0.0426 20 151 30 164
patches 0.0426 0 12 7 67
patches 0.0426 90 180 102 200
patches 0.0425 136 193 147 200
patches 0.0425 22 13 28 32
patches 0.0424 186 112 199 136
patches 0.0424 130 170 160 200
patches 0.0424 185 148 192 166
patches 0.0424 0 0 18 43
patches 0.0423 103 195 120 200
patches 0.0422 124 179 136 200
patches 0.0422 86 4 176 150
patches 0.0421 170 196 196 199
patches 0.0421 63 182 90 198
patches 0.0421 12 186 18 200
patches 0.0420 28 0 34 18
patches 0.0420 50 0 90 24
patches 0.0420 0 114 8 129
patches 0.0420 144 190 160 200
patches 0.0419 0 57 8 72
patches 0.0419 84 180 96 200
patches 0.0419 25 0 51 14
patches 0.0418 0 0 12 21
patches 0.0418 2 124 36 153
patches 0.0417 53 0 69 4
patches 0.0416 0 92 14 97
patches 0.0415 0 171 13 178
patches 0.0415 66 191 99 200
patches 0.0415 124 191 138 199
patches 0.0414 1 108 21 126
patches 0.0413 137 121 145 136
patches 0.0413 135 179 146 189
patches 0.0413 0 20 16 53
patches 0.0413 127 0 144 8
patches 0.0412 20 149 37 166
patches 0.0412 102 25 193 117
patches 0.0412 0 128 14 135
patches 0.0412 44 171 67 195
patches 0.0411 121 134 136 149
patches 0.0410 135 155 151 190
patches 0.0410 87 147 148 198
patches 0.0409 63 0 90 3
patches 0.0407 115 147 129 163
patches 0.0406 160 0 176 4
patches 0.0406 0 163 6 173
patches 0.0405 0 61 3 86
patches 0.0405 63 151 81 165
patches 0.0405 62 0 67 13
patches 0.0404 16 19 26 30
patches 0.0404 16 193 26 200
patches 0.0404 149 185 155 200
patches 0.0404 0 90 8 105
patches 0.0403 26 135 43 152
patches 0.0403 138 5 181 69
patches 0.0403 4 89 20 106
patches 0.0402 184 139 199 160
patches 0.0402 0 31 12 54
patches 0.0402 86 72 142 127
patches 0.0400 129 120 134 136
patches 0.0400 36 185 53 199
patches 0.0400 54 0 61 19
patches 0.0399 99 189 110 199
patches 0.0399 37 0 61 3
patches 0.0399 29 0 40 10
patches 0.0398 11 50 19 66
patches 0.0398 21 162 37 179
patches 0.0397 194 13 200 29
patches 0.0397 8 40 23 61
patches 0.0396 9 0 26 12
patches 0.0396 30 157 64 195
patches 0.0396 146 170 182 183
patches 0.0395 0 122 5 138
patches 0.0394 0 60 22 113
patches 0.0394 176 161 188 198
patches 0.0394 87 190 121 199
patches 0.0393 12 151 33 158
patches 0.0393 62 185 67 198
patches 0.0392 27 172 43 190
patches 0.0392 0 142 3 171
patches 0.0391 0 177 7 185
patches 0.0391 0 172 6 184
patches 0.0390 162 150 181 165
patches 0.0390 75 68 129 102
patches 0.0389 73 0 100 3
patches 0.0389 97 186 113 200
patches 0.0389 164 147 185 160
patches 0.0389 133 119 143 130
patches 0.0388 0 155 6 166
patches 0.0388 0 125 14 131
patches 0.0388 0 159 6 169
patches 0.0388 11 107 27 126
patches 0.0387 39 190 55 200
patches 0.0387 183 157 197 187
patches 0.0387 43 0 71 41
patches 0.0387 0 102 3 130
patches 0.0387 21 144 39 159
patches 0.0387 179 114 199 130
patches 0.0386 0 132 10 165
patches 0.0386 26 0 78 29
patches 0.0386 123 0 140 4
patches 0.0386 140 0 166 3
patches 0.0384 30 0 46 9
patches 0.0384 0 156 9 171
patches 0.0384 60 195 75 200
patches 0.0383 107 0 133 3
patches 0.0382 0 145 14 151
patches 0.0382 193 30 200 40
patches 0.0382 77 180 89 200
patches 0.0382 128 120 144 137
patches 0.0381 0 0 16 13
patches 0.0381 170 0 186 4
patches 0.0381 194 9 200 20
patches 0.0381 81 182 114 199
patches 0.0381 129 143 134 162
patches 0.0381 89 197 118 199
patches 0.0380 140 123 150 134
patches 0.0379 0 83 29 119
patches 0.0379 195 173 200 189
patches 0.0379 133 123 143 134
patches 0.0379 8 49 22 68
patches 0.0379 130 105 172 116
patches 0.0379 181 0 188 12
patches 0.0378 53 186 69 199
patches 0.0378 35 196 63 199
patches 0.0377 137 182 152 200
patches 0.0377 1 136 29 170
patches 0.0377 145 176 151 195
patches 0.0377 132 120 137 138
patches 0.0375 18 148 31 159
patches 0.0375 117 181 129 200
patches 0.0375 186 0 200 13
patches 0.0373 156 110 197 123
patches 0.0373 0 130 8 138
patches 0.0373 0 169 3 196
patches 0.0372 29 190 47 200
patches 0.0372 51 166 73 187
patches 0.0372 19 155 31 167
patches 0.0372 15 16 21 34
patches 0.0372 56 0 68 31
patches 0.0372 10 28 19 44
patches 0.0372 65 1 71 13
patches 0.0371 196 17 199 42
patches 0.0370 0 194 12 199
patches 0.0370 73 149 107 179
patches 0.0370 117 111 148 148
patches 0.0370 156 150 175 165
patches 0.0369 122 195 139 200
patches 0.0368 98 158 127 200
patches 0.0368 124 0 136 23
patches 0.0367 48 111 65 138
patches 0.0366 110 0 159 6
patches 0.0366 123 146 132 158
patches 0.0366 168 154 175 170
patches 0.0365 36 0 47 6
patches 0.0365 65 186 71 199
patches 0.0365 147 174 155 189
patches 0.0365 15 1 21 13
patches 0.0364 99 193 153 199
patches 0.0364 129 147 164 179
patches 0.0364 1 122 14 138
patches 0.0364 166 156 177 167
patches 0.0363 125 133 131 150
patches 0.0363 32 0 104 16
patches 0.0363 117 155 135 161
patches 0.0362 0 33 3 60
patches 0.0362 45 107 70 123
patches 0.0362 128 0 168 7
patches 0.0362 0 93 12 109
patches 0.0362 163 154 179 161
patches 0.0362 180 188 189 200
patches 0.0362 8 191 21 199
patches 0.0362 181 0 200 19
patches 0.0361 122 151 128 170
patches 0.0361 40 125 72 191
patches 0.0361 48 184 54 197
patches 0.0361 29 0 40 6
patches 0.0360 58 187 71 195
patches 0.0360 105 186 111 199
patches 0.0359 0 28 15 45
patches 0.0359 0 87 5 102
patches 0.0359 196 50 199 75
patches 0.0359 54 113 71 136
patches 0.0358 196 156 199 183
patches 0.0358 12 134 41 173
patches 0.0358 0 135 15 141
patches 0.0358 59 0 79 12
patches 0.0357 10 26 22 81
patches 0.0357 168 157 182 165
patches 0.0357 55 62 89 112
patches 0.0356 114 149 123 160
patches 0.0355 102 186 107 199
patches 0.0355 64 92 71 110
patches 0.0355 9 43 15 61
patches 0.0355 194 53 200 63
patches 0.0355 131 123 146 141
patches 0.0355 135 173 153 190
patches 0.0354 178 30 199 88
patches 0.0354 152 135 200 163
patches 0.0354 132 116 146 133
patches 0.0354 14 13 28 30
patches 0.0353 132 131 138 152
patches 0.0353 161 170 176 187
patches 0.0353 180 194 195 200
patches 0.0352 130 105 143 135
patches 0.0352 120 165 140 171
patches 0.0352 127 181 145 188
patches 0.0352 15 155 37 161
patches 0.0352 0 45 9 81
patches 0.0351 9 194 26 200
patches 0.0350 71 171 176 200
patches 0.0350 0 186 7 197
patches 0.0350 56 104 69 146
patches 0.0349 19 150 25 167
patches 0.0349 2 177 26 191
patches 0.0349 0 180 7 188
patches 0.0349 195 33 200 49
patches 0.0349 143 182 153 193
patches 0.0349 0 112 6 123
patches 0.0348 5 0 10 13
patches 0.0348 140 168 156 186
patches 0.0348 8 96 14 114
patches 0.0348 89 71 154 99
patches 0.0347 17 128 34 144
patches 0.0347 144 173 152 189
patches 0.0347 189 87 199 116
patches 0.0347 189 171 199 179
patches 0.0347 0 151 13 165
patches 0.0346 58 186 64 198
patches 0.0346 176 0 186 6
patches 0.0346 47 196 73 200
patches 0.0346 0 10 5 26
patches 0.0346 11 17 26 33
patches 0.0346 182 132 199 153
patches 0.0345 0 4 11 12
patches 0.0345 183 188 192 200
patches 0.0344 40 0 56 10
patches 0.0344 18 16 33 34
patches 0.0344 110 196 137 200
patches 0.0344 21 153 28 171
patches 0.0344 132 185 151 191
patches 0.0343 0 152 16 158
patches 0.0342 1 28 32 64
patches 0.0341 125 130 139 147
patches 0.0341 11 30 26 49
patches 0.0341 168 0 200 6
patches 0.0341 23 193 33 200
patches 0.0340 193 19 200 30
patches 0.0340 157 57 197 113
patches 0.0339 8 86 24 103
patches 0.0339 2 42 14 152
patches 0.0338 0 116 17 132
patches 0.0338 178 104 199 116
patches 0.0338 115 144 121 161
patches 0.0338 3 27 24 45
patches 0.0338 4 190 10 199
patches 0.0338 0 118 7 125
patches 0.0337 169 0 180 6
patches 0.0337 0 119 14 124
patches 0.0337 142 163 184 176
patches 0.0337 16 158 36 164
patches 0.0336 124 117 139 133
patches 0.0336 178 88 199 115
patches 0.0335 125 139 139 157
patches 0.0335 20 193 30 200
patches 0.0335 24 166 40 183
patches 0.0335 109 0 126 4
patches 0.0334 84 156 114 200
patches 0.0334 86 188 107 200
patches 0.0334 123 136 133 146
patches 0.0334 25 3 31 21
patches 0.0334 33 166 99 197
patches 0.0334 1 0 8 12
patches 0.0333 131 140 139 154
patches 0.0333 187 32 200 37
patches 0.0333 136 189 155 194
patches 0.0333 62 0 80 4
patches 0.0333 17 128 26 143
patches 0.0333 5 89 11 106
patches 0.0332 27 179 43 198
patches 0.0332 187 166 200 188
patches 0.0332 115 59 199 111
patches 0.0332 196 64 199 88
patches 0.0332 136 109 147 120
patches 0.0332 122 134 127 149
patches 0.0332 139 34 193 88
patches 0.0332 135 104 150 120
patches 0.0332 124 150 131 164
patches 0.0332 116 0 133 4
patches 0.0332 183 147 199 165
patches 0.0331 134 95 170 121
patches 0.0331 182 152 193 163
patches 0.0331 50 87 62 139
patches 0.0331 86 1 145 23
patches 0.0331 113 141 140 194
patches 0.0330 159 136 176 152
patches 0.0330 193 26 200 36
patches 0.0330 188 173 199 182
patches 0.0330 96 0 113 4
patches 0.0330 132 187 137 199
patches 0.0330 196 40 199 67
patches 0.0329 84 149 96 181
patches 0.0329 10 148 30 154
patches 0.0329 21 19 29 36
patches 0.0329 51 173 66 191
patches 0.0329 136 170 150 200
patches 0.0329 50 0 58 13
patches 0.0329 77 94 89 128
patches 0.0328 140 185 159 191
patches 0.0328 17 147 27 160
patches 0.0328 194 183 200 194
patches 0.0328 47 4 66 108
patches 0.0327 140 135 155 153
patches 0.0327 121 161 138 175
patches 0.0327 15 23 21 42
patches 0.0327 0 111 11 118
patches 0.0327 145 161 163 177
patches 0.0327 10 97 22 148
patches 0.0327 10 23 25 41
patches 0.0327 0 96 6 106
patches 0.0326 0 189 14 195
patches 0.0326 143 110 158 126
patches 0.0326 42 101 68 147
patches 0.0326 0 167 5 182
patches 0.0325 153 140 170 157
patches 0.0325 120 155 130 166
patches 0.0325 146 179 157 191
patches 0.0324 169 126 196 161
patches 0.0323 12 0 17 13
patches 0.0323 69 0 74 14
patches 0.0323 147 137 163 154
patches 0.0323 15 127 54 161
patches 0.0323 163 159 176 189
patches 0.0322 135 178 141 194
patches 0.0322 55 186 61 199
patches 0.0322 148 177 162 194
patches 0.0321 0 107 11 115
patches 0.0321 13 26 32 31
patches 0.0321 4 0 18 8
patches 0.0321 196 94 199 119
patches 0.0321 0 114 11 122
patches 0.0321 8 96 23 115
patches 0.0321 89 0 106 4
patches 0.0321 129 0 140 6
patches 0.0321 28 0 42 19
patches 0.0321 12 108 18 129
patches 0.0320 151 1 161 30
patches 0.0320 180 98 200 125
patches 0.0319 13 79 29 98
patches 0.0319 0 59 6 69
patches 0.0319 69 149 82 182
patches 0.0319 153 0 169 4
patches 0.0319 65 173 86 192
patches 0.0319 10 71 27 89
patches 0.0318 27 158 43 177
patches 0.0318 168 36 199 128
patches 0.0318 0 8 11 15
patches 0.0318 89 7 151 38
patches 0.0318 57 3 64 22
patches 0.0317 25 10 31 29
patches 0.0317 11 54 46 94
patches 0.0316 103 181 116 200
patches 0.0316 56 159 69 193
patches 0.0316 5 6 33 100
patches 0.0315 61 82 113 115
patches 0.0315 127 135 136 147
patches 0.0315 0 121 13 128
patches 0.0315 196 109 199 139
patches 0.0315 108 190 114 199
patches 0.0315 145 168 151 186
patches 0.0315 11 127 27 144
patches 0.0315 55 104 81 141
patches 0.0315 166 170 182 187
patches 0.0315 130 145 140 157
patches 0.0315 151 185 159 199
patches 0.0314 0 40 15 58
patches 0.0314 27 149 42 167
patches 0.0314 171 143 194 158
patches 0.0314 64 59 71 76
patches 0.0314 62 120 76 161
patches 0.0314 172 1 184 9
patches 0.0314 60 116 81 193
patches 0.0313 130 126 143 168
patches 0.0313 171 0 182 19
patches 0.0313 50 67 94 136
patches 0.0313 135 112 141 130
patches 0.0313 7 0 15 7
patches 0.0313 184 0 191 8
patches 0.0313 10 131 25 169
patches 0.0313 138 191 151 199
patches 0.0313 42 1 57 21
patches 0.0313 68 143 74 160
patches 0.0313 117 81 129 117
patches 0.0313 64 0 72 7
patches 0.0312 137 150 152 168
patches 0.0312 130 122 149 127
patches 0.0312 67 0 120 6
patches 0.0312 0 106 5 122
patches 0.0312 41 159 61 174
patches 0.0311 176 189 186 199
patches 0.0311 132 0 137 9
patches 0.0311 24 153 33 168
patches 0.0311 23 76 38 92
patches 0.0311 185 101 200 120
patches 0.0311 136 186 146 197
patches 0.0311 129 163 135 178
patches 0.0310 157 0 168 21
patches 0.0310 15 133 30 170
patches 0.0310 0 100 15 118
patches 0.0310 65 62 107 109
patches 0.0310 117 152 133 158
patches 0.0310 53 195 69 200
patches 0.0310 0 175 14 181
patches 0.0309 190 155 200 185
patches 0.0309 8 0 14 13
patches 0.0308 131 125 148 131
patches 0.0308 10 120 27 136
patches 0.0308 119 162 140 167
patches 0.0307 187 0 195 7
patches 0.0307 60 0 83 39
patches 0.0307 66 197 94 200
patches 0.0307 50 159 73 179
patches 0.0307 194 3 199 13
patches 0.0307 164 44 197 73
patches 0.0307 176 1 186 10
patches 0.0307 33 106 51 128
patches 0.0306 4 143 11 161
patches 0.0306 95 41 165 73
patches 0.0306 132 146 138 163
patches 0.0306 13 145 24 156
patches 0.0306 112 188 134 200
patches 0.0306 10 191 26 199
patches 0.0306 90 151 103 183
patches 0.0305 38 143 44 161
patches 0.0305 194 180 200 190
patches 0.0304 138 150 145 167
patches 0.0304 66 141 95 170
patches 0.0304 187 191 200 198
patches 0.0304 20 189 39 194
patches 0.0303 42 115 70 130
patches 0.0303 146 0 162 4
patches 0.0303 191 28 200 42
patches 0.0303 160 153 177 169
patches 0.0303 129 132 143 151
patches 0.0303 152 50 158 67
patches 0.0303 0 98 15 104
patches 0.0302 15 152 27 163
patches 0.0302 10 0 18 7
patches 0.0302 12 146 18 163
patches 0.0302 0 95 15 101
patches 0.0302 50 0 65 9
patches 0.0302 57 0 65 7
patches 0.0301 63 0 75 22
patches 0.0301 135 156 171 189
patches 0.0301 0 94 8 102
patches 0.0301 162 172 184 196
patches 0.0300 135 125 142 145
patches 0.0299 0 142 14 148
patches 0.0299 0 129 12 146
patches 0.0299 138 0 193 6
patches 0.0299 137 175 144 189
patches 0.0299 189 176 199 186
patches 0.0298 45 72 59 91
patches 0.0298 174 186 181 199
patches 0.0298 82 0 100 4
patches 0.0298 178 159 198 178
patches 0.0298 0 149 16 154
patches 0.0298 133 176 144 187
patches 0.0298 147 170 156 184
patches 0.0297 102 0 120 4
patches 0.0297 87 167 102 181
patches 0.0297 0 149 7 160
patches 0.0297 29 6 35 27
patches 0.0297 0 39 6 50
patches 0.0297 157 0 173 8
patches 0.0297 49 160 63 192
patches 0.0297 110 181 122 200
patches 0.0297 106 90 146 101
patches 0.0296 62 54 112 87
patches 0.0296 57 18 64 39
patches 0.0296 96 195 113 200
patches 0.0296 0 72 7 127
patches 0.0296 12 98 18 119
patches 0.0296 30 140 45 156
patches 0.0295 143 150 160 165
patches 0.0295 34 144 49 160
patches 0.0295 0 30 7 96
patches 0.0295 149 166 166 183
patches 0.0294 165 74 196 103
patches 0.0294 0 74 3 97
patches 0.0294 0 104 7 112
patches 0.0294 45 68 69 158
patches 0.0294 182 27 194 35
patches 0.0294 155 151 194 174
patches 0.0294 139 195 156 200
patches 0.0294 54 103 72 126
patches 0.0294 0 4 6 47
patches 0.0293 120 0 136 8
patches 0.0293 67 0 84 8
patches 0.0293 188 27 199 35
patches 0.0293 142 175 163 181
patches 0.0293 156 159 169 188
patches 0.0293 160 102 200 128
patches 0.0293 15 127 22 145
patches 0.0293 73 157 107 169
patches 0.0293 57 172 79 192
patches 0.0292 51 0 93 7
patches 0.0292 86 171 105 178
patches 0.0292 124 121 138 128
patches 0.0292 147 169 162 187
patches 0.0292 13 19 23 30
patches 0.0291 187 35 200 41
patches 0.0291 0 44 3 68
patches 0.0291 10 75 37 118
patches 0.0291 63 185 73 196
patches 0.0291 0 79 9 112
patches 0.0291 119 138 138 144
patches 0.0291 16 5 35 10
patches 0.0290 13 19 32 24
patches 0.0290 15 146 22 163
patches 0.0290 1 135 28 149
patches 0.0290 6 42 11 63
patches 0.0290 188 54 199 62
patches 0.0290 137 148 145 162
patches 0.0290 41 143 48 162
patches 0.0290 193 170 200 180
patches 0.0290 163 0 179 8
patches 0.0290 192 53 199 107
patches 0.0289 0 138 11 146
patches 0.0289 24 19 33 34
patches 0.0289 143 143 161 159
patches 0.0289 196 134 199 164
patches 0.0289 135 107 149 116
patches 0.0289 133 141 144 153
patches 0.0289 0 162 16 167
patches 0.0288 179 144 195 161
patches 0.0288 29 172 35 191
patches 0.0288 25 159 31 178
patches 0.0288 7 61 22 81
patches 0.0288 9 30 15 48
patches 0.0288 0 152 52 186
patches 0.0288 41 104 58 128
patches 0.0288 104 187 119 195
patches 0.0288 174 168 181 189
patches 0.0288 4 0 74 42
patches 0.0287 120 118 140 140
patches 0.0287 153 153 169 161
patches 0.0287 191 21 200 35
patches 0.0287 130 179 141 189
patches 0.0286 84 87 96 124
patches 0.0286 147 184 157 197
patches 0.0286 180 120 198 137
patches 0.0286 138 124 152 142
patches 0.0286 79 0 96 8
patches 0.0286 21 22 36 40
patches 0.0286 8 187 14 200
patches 0.0286 0 167 16 184
patches 0.0285 0 54 5 68
patches 0.0285 185 26 191 43
patches 0.0285 191 0 198 7
patches 0.0285 15 94 22 117
patches 0.0285 143 0 160 8
patches 0.0285 142 107 188 132
patches 0.0285 141 161 157 196
patches 0.0285 135 176 170 191
patches 0.0285 0 165 15 171
patches 0.0285 0 143 7 191
patches 0.0285 110 152 126 157
patches 0.0284 0 132 14 137
patches 0.0284 117 0 129 22
patches 0.0284 4 54 34 141
patches 0.0284 28 178 35 198
patches 0.0284 13 22 31 27
patches 0.0284 1 128 25 144
patches 0.0284 118 161 132 168
patches 0.0284 25 138 45 144
patches 0.0284 94 111 108 126
patches 0.0284 18 22 24 42
patches 0.0284 117 0 149 19
patches 0.0283 127 148 146 154
patches 0.0283 110 191 126 200
patches 0.0283 130 32 148 47
patches 0.0283 26 6 37 18
patches 0.0283 129 38 150 44
patches 0.0283 86 0 103 8
patches 0.0283 179 1 184 14
patches 0.0283 142 168 154 180
patches 0.0283 7 96 16 106
patches 0.0282 164 0 175 20
patches 0.0282 106 0 123 8
patches 0.0282 57 99 72 115
patches 0.0282 10 111 29 118
patches 0.0282 135 125 149 146
patches 0.0282 115 152 129 169
patches 0.0282 12 132 27 152
patches 0.0282 22 159 28 177
patches 0.0282 26 155 37 167
patches 0.0282 0 20 15 37
patches 0.0282 2 169 26 183
patches 0.0282 118 144 124 162
patches 0.0281 0 46 6 57
patches 0.0281 115 122 150 136
patches 0.0281 13 189 33 194
patches 0.0281 144 121 159 138
patches 0.0281 194 46 200 57
patches 0.0281 22 10 36 29
patches 0.0281 0 16 27 49
patches 0.0281 177 0 189 20
patches 0.0280 148 0 163 16
patches 0.0280 9 57 14 77
patches 0.0280 60 192 77 198
patches 0.0280 190 36 199 46
patches 0.0280 127 146 136 157
patches 0.0280 0 35 18 50
patches 0.0280 154 114 169 130
patches 0.0279 135 0 141 9
patches 0.0279 69 160 127 195
patches 0.0279 59 112 78 134
patches 0.0279 11 0 24 28
patches 0.0279 66 117 105 165
patches 0.0279 25 189 31 200
patches 0.0279 187 188 200 195
patches 0.0278 7 50 15 66
patches 0.0278 96 192 115 198
patches 0.0278 0 32 16 71
patches 0.0278 2 65 19 84
patches 0.0278 26 13 42 32
patches 0.0278 131 95 143 125
patches 0.0278 191 138 199 174
patches 0.0278 111 150 125 165
patches 0.0277 16 195 33 200
patches 0.0277 176 152 190 176
patches 0.0277 38 166 60 189
patches 0.0277 178 186 184 200
patches 0.0277 40 0 49 9
patches 0.0277 36 0 60 14
patches 0.0276 145 0 157 6
patches 0.0276 85 175 105 181
patches 0.0276 60 148 88 181
patches 0.0276 46 188 56 199
patches 0.0276 63 155 83 162
patches 0.0276 148 177 161 186
patches 0.0276 65 165 86 185
patches 0.0276 74 84 139 112
patches 0.0275 168 166 175 186
patches 0.0275 25 141 46 147
patches 0.0275 170 190 185 200
patches 0.0275 168 185 175 200
patches 0.0275 59 188 77 194
patches 0.0275 35 139 41 156
patches 0.0275 38 125 44 145
patches 0.0275 73 0 90 8
patches 0.0274 20 102 34 121
patches 0.0274 133 157 175 170
patches 0.0274 133 115 143 126
patches 0.0274 118 187 124 199
patches 0.0274 35 1 51 20
patches 0.0274 44 111 58 132
patches 0.0273 128 126 143 144
patches 0.0273 1 130 20 153
patches 0.0273 60 136 79 163
patches 0.0273 20 72 36 89
patches 0.0273 0 57 8 65
patches 0.0273 120 136 129 146
patches 0.0273 9 1 27 7
patches 0.0273 94 160 107 168
patches 0.0273 12 0 23 10
patches 0.0273 11 45 25 65
patches 0.0273 171 167 185 184
patches 0.0273 122 174 135 182
patches 0.0273 100 0 117 8
patches 0.0272 60 35 76 41
patches 0.0272 18 91 31 112
patches 0.0272 10 43 19 59
patches 0.0272 31 171 38 190
patches 0.0272 131 179 147 185
patches 0.0271 69 129 101 194
patches 0.0271 10 108 20 120
patches 0.0271 133 151 152 157
patches 0.0271 112 190 117 199
patches 0.0270 3 92 22 97
patches 0.0270 58 6 127 33
patches 0.0270 155 117 168 126
patches 0.0270 1 140 14 157
patches 0.0270 72 186 77 198
patches 0.0270 31 0 38 19
patches 0.0270 130 127 168 162
patches 0.0270 137 158 155 177
patches 0.0270 31 124 44 142
patches 0.0269 97 189 117 194
patches 0.0269 135 146 141 164
patches 0.0269 128 0 135 8
patches 0.0269 23 5 41 11
patches 0.0269 14 103 22 124
patches 0.0269 1 45 8 58
patches 0.0269 182 148 187 166
patches 0.0269 0 87 7 95
patches 0.0269 60 163 91 175
patches 0.0269 177 173 191 190
patches 0.0269 118 126 146 160
patches 0.0268 146 193 157 200
patches 0.0268 20 161 39 167
patches 0.0268 9 102 14 121
patches 0.0268 146 158 185 188
patches 0.0268 120 142 139 147
patches 0.0267 170 155 179 168
patches 0.0267 14 88 27 109
patches 0.0267 22 7 27 25
patches 0.0267 195 97 200 112
patches 0.0267 95 23 170 60
patches 0.0267 28 79 63 161
patches 0.0267 9 164 23 200
patches 0.0267 130 192 147 199
patches 0.0267 163 87 198 114
patches 0.0267 165 17 197 48
patches 0.0266 170 136 187 154
patches 0.0266 145 0 178 8
patches 0.0266 119 141 144 158
patches 0.0266 10 78 23 125
patches 0.0266 186 58 200 80
patches 0.0266 141 120 148 138
patches 0.0266 150 59 193 91
patches 0.0265 195 70 200 86
patches 0.0265 119 168 140 174
patches 0.0265 34 0 42 8
patches 0.0265 101 44 160 96
patches 0.0265 68 184 103 197
patches 0.0265 1 87 16 103
patches 0.0265 63 68 74 114
patches 0.0265 108 75 155 120
patches 0.0265 19 2 30 12
patches 0.0264 130 119 150 124
patches 0.0264 179 155 197 161
patches 0.0264 0 82 6 93
patches 0.0264 12 92 18 112
patches 0.0264 182 189 187 199
patches 0.0264 84 0 96 18
patches 0.0264 17 159 33 177
patches 0.0264 178 10 191 26
patches 0.0264 5 103 20 121
patches 0.0263 171 185 178 199
patches 0.0263 174 171 191 177
patches 0.0263 98 186 104 199
patches 0.0263 174 153 181 169
patches 0.0263 118 164 132 172
patches 0.0263 182 51 200 86
patches 0.0263 76 151 89 184
patches 0.0263 137 141 154 159
patches 0.0263 125 120 130 137
patches 0.0262 179 9 184 25
patches 0.0262 132 177 138 191
patches 0.0262 113 0 129 8
patches 0.0262 142 172 162 178
patches 0.0262 137 116 152 134
patches 0.0262 131 183 144 191
patches 0.0262 58 184 71 192
patches 0.0262 121 152 135 170
patches 0.0262 0 51 8 66
patches 0.0261 175 168 199 184
patches 0.0261 173 195 189 200
patches 0.0261 126 123 136 133
patches 0.0261 64 143 80 161
patches 0.0261 164 0 172 7
patches 0.0261 187 110 194 132
patches 0.0261 0 62 14 67
patches 0.0261 179 151 197 158
patches 0.0260 24 135 44 142
patches 0.0260 191 54 200 68
patches 0.0260 42 0 54 6
patches 0.0260 139 178 159 184
patches 0.0260 128 140 135 155
patches 0.0260 134 137 141 157
patches 0.0259 57 62 73 79
patches 0.0259 43 71 98 100
patches 0.0259 186 59 200 64
patches 0.0259 177 192 194 198
patches 0.0259 69 0 87 4
patches 0.0259 0 14 7 23
patches 0.0259 29 192 40 199
patches 0.0259 47 108 55 129
patches 0.0259 0 11 7 19
patches 0.0259 143 188 162 194
patches 0.0259 8 34 23 54
patches 0.0259 88 155 128 186
patches 0.0258 183 174 200 191
patches 0.0258 57 48 64 71
patches 0.0258 12 86 19 104
patches 0.0258 115 136 135 141
patches 0.0258 148 45 164 63
patches 0.0258 92 0 145 6
patches 0.0258 131 162 138 176
patches 0.0258 5 56 11 75
patches 0.0258 76 76 123 123
patches 0.0258 156 152 170 175
patches 0.0257 118 191 132 199
patches 0.0257 115 195 133 200
patches 0.0257 160 162 190 177
patches 0.0257 131 115 149 121
patches 0.0257 127 118 135 132
patches 0.0257 111 126 135 161
patches 0.0257 152 0 163 6
patches 0.0257 189 59 200 93
patches 0.0257 173 182 183 193
patches 0.0257 7 45 16 57
patches 0.0257 121 171 135 178
patches 0.0257 63 101 74 147
patches 0.0257 27 68 41 85
patches 0.0257 154 190 170 200
patches 0.0256 122 140 127 158
patches 0.0256 0 176 5 192
patches 0.0256 116 158 136 164
patches 0.0256 18 148 39 155
patches 0.0255 121 33 173 76
patches 0.0255 0 61 5 76
patches 0.0255 194 43 200 53
patches 0.0255 109 136 139 149
patches 0.0255 66 195 83 200
patches 0.0255 77 46 122 93
patches 0.0255 191 17 200 25
patches 0.0255 33 3 101 32
patches 0.0255 126 152 146 157
patches 0.0255 136 125 154 131
patches 0.0255 73 161 108 189
patches 0.0255 127 142 145 148
patches 0.0254 130 0 144 22
patches 0.0254 112 147 124 156
patches 0.0254 20 16 30 28
patches 0.0254 72 98 112 108
patches 0.0254 195 160 200 176
patches 0.0254 150 150 167 164
patches 0.0254 76 56 138 85
patches 0.0253 55 81 71 110
patches 0.0253 66 150 95 164
patches 0.0253 109 167 121 175
patches 0.0253 118 137 132 153
patches 0.0253 180 127 198 144
patches 0.0253 129 0 134 13
patches 0.0253 106 84 145 96
patches 0.0253 129 149 140 160
patches 0.0253 51 143 87 193
patches 0.0253 184 141 191 159
patches 0.0252 0 71 16 105
patches 0.0252 128 187 134 199
patches 0.0252 5 83 21 100
patches 0.0252 130 119 140 130
patches 0.0252 0 101 7 109
patches 0.0252 52 0 63 6
patches 0.0252 124 135 142 141
patches 0.0252 141 150 149 168
patches 0.0252 151 177 158 195
patches 0.0252 131 0 163 18
patches 0.0251 123 145 143 150
patches 0.0251 12 100 26 120
patches 0.0251 74 39 129 74
patches 0.0251 188 31 200 46
patches 0.0251 134 111 152 118
patches 0.0251 124 128 137 170
patches 0.0251 20 169 38 186
patches 0.0251 0 15 15 31
patches 0.0251 11 17 25 25
patches 0.0251 0 81 8 88
patches 0.0250 59 125 77 150
patches 0.0250 119 100 131 117
patches 0.0250 138 0 156 4
patches 0.0250 88 1 94 12
patches 0.0250 0 151 17 186
patches 0.0250 176 182 186 193
patches 0.0249 112 116 155 129
patches 0.0249 60 102 78 126
patches 0.0249 164 110 180 128
patches 0.0249 106 0 140 17
patches 0.0249 131 127 139 143
patches 0.0249 0 184 8 192
patches 0.0249 91 89 103 122
patches 0.0249 6 150 23 166
patches 0.0249 187 12 200 17
patches 0.0249 121 171 135 186
patches 0.0249 61 65 68 84
patches 0.0248 185 0 191 14
patches 0.0248 110 109 155 123
patches 0.0248 54 70 61 94
patches 0.0248 90 0 102 18
patches 0.0248 103 0 176 17
patches 0.0248 122 119 143 124
patches 0.0248 155 114 168 122
patches 0.0248 191 40 200 56
patches 0.0248 138 121 152 129
patches 0.0248 161 0 168 7
patches 0.0248 60 155 86 170
patches 0.0248 155 50 161 66
patches 0.0248 0 89 14 95
patches 0.0248 6 30 20 48
patches 0.0248 64 182 81 188
patches 0.0248 125 165 140 182
patches 0.0247 155 117 161 135
patches 0.0247 51 185 57 198
patches 0.0247 130 141 174 170
patches 0.0247 167 0 175 7
patches 0.0247 187 140 194 159
patches 0.0247 65 29 71 47
patches 0.0247 0 58 13 64
patches 0.0247 93 0 110 8
patches 0.0246 61 95 113 128
patches 0.0246 80 196 107 200
patches 0.0246 10 115 19 128
patches 0.0246 108 147 122 163
patches 0.0246 171 104 178 121
patches 0.0246 0 178 14 184
patches 0.0246 118 137 124 154
patches 0.0246 2 99 15 135
patches 0.0246 121 134 135 142
patches 0.0246 111 20 131 36
patches 0.0245 187 25 200 31
patches 0.0245 119 149 138 154
patches 0.0245 115 153 129 162
patches 0.0245 68 186 74 199
patches 0.0245 131 150 167 162
patches 0.0245 1 69 38 101
patches 0.0245 79 0 113 8
patches 0.0245 139 182 159 188
patches 0.0245 120 120 135 136
patches 0.0245 6 110 25 134
patches 0.0245 151 49 168 65
patches 0.0245 148 0 154 9
patches 0.0245 171 169 178 187
patches 0.0244 140 146 156 163
patches 0.0244 188 51 199 59
patches 0.0244 57 75 80 114
patches 0.0244 128 189 150 194
patches 0.0244 187 38 200 44
patches 0.0244 56 9 69 50
patches 0.0244 63 132 82 137
patches 0.0244 31 175 45 195
patches 0.0244 117 156 133 172
patches 0.0244 4 26 18 63
patches 0.0244 150 0 166 8
patches 0.0244 0 47 14 65
patches 0.0243 65 184 78 192
patches 0.0243 187 169 200 174
patches 0.0243 19 156 25 174
patches 0.0243 77 0 89 18
patches 0.0243 194 59 200 70
patches 0.0243 72 91 110 102
patches 0.0242 8 139 24 157
patches 0.0242 172 148 190 154
patches 0.0242 0 158 15 164
patches 0.0242 110 82 122 117
patches 0.0242 78 0 90 5
patches 0.0242 57 36 65 56
patches 0.0242 26 178 45 184
patches 0.0242 57 68 64 90
patches 0.0242 64 65 71 82
patches 0.0242 172 1 177 14
patches 0.0242 21 140 130 197
patches 0.0242 13 156 29 173
patches 0.0242 75 133 88 167
patches 0.0242 142 179 148 197
patches 0.0242 166 139 176 149
patches 0.0242 69 78 81 117
patches 0.0242 170 176 185 192
patches 0.0241 161 121 168 138
patches 0.0241 4 163 11 180
patches 0.0241 24 80 38 88
patches 0.0241 150 139 159 151
patches 0.0241 67 0 75 7
patches 0.0241 112 146 117 164
patches 0.0241 175 104 181 121
patches 0.0240 0 46 15 51
patches 0.0240 136 145 147 157
patches 0.0240 99 0 132 8
patches 0.0240 134 0 148 8
patches 0.0240 168 104 174 120
patches 0.0240 124 0 131 7
patches 0.0240 147 122 156 134
patches 0.0240 3 95 13 106
patches 0.0240 124 108 136 148
patches 0.0240 60 77 77 103
patches 0.0240 62 158 76 191
patches 0.0240 0 20 7 28
patches 0.0240 123 153 155 185
patches 0.0240 7 95 26 101
patches 0.0239 120 0 142 12
patches 0.0239 119 0 124 9
patches 0.0239 169 182 179 194
patches 0.0239 135 106 141 123
patches 0.0238 104 139 116 176
patches 0.0238 161 151 168 164
patches 0.0238 112 0 117 8
patches 0.0238 180 26 197 31
patches 0.0238 60 90 76 107
patches 0.0238 129 126 134 145
patches 0.0238 58 157 80 178
patches 0.0238 5 94 19 102
patches 0.0238 139 149 150 161
patches 0.0238 122 187 127 199
patches 0.0238 5 96 11 115
patches 0.0238 117 124 129 169
patches 0.0238 11 187 24 196
patches 0.0238 90 173 104 182
patches 0.0237 73 100 94 119
patches 0.0237 172 26 198 64
patches 0.0237 16 26 26 37
patches 0.0237 15 132 22 153
patches 0.0237 47 0 62 5
patches 0.0237 144 49 159 66
patches 0.0237 148 157 195 168
patches 0.0237 23 175 42 181
patches 0.0237 175 14 187 22
patches 0.0237 31 56 45 75
patches 0.0237 106 82 141 113
patches 0.0237 140 104 156 120
patches 0.0237 57 191 65 199
patches 0.0237 122 106 127 124
patches 0.0237 108 103 150 132
patches 0.0237 19 130 31 141
patches 0.0237 72 174 95 191
patches 0.0236 31 0 62 46
patches 0.0236 181 173 187 191
patches 0.0236 52 189 63 199
patches 0.0236 134 112 143 123
patches 0.0236 158 112 164 130
patches 0.0236 141 173 148 189
patches 0.0236 122 125 142 131
patches 0.0236 132 169 138 186
patches 0.0235 125 104 161 158
patches 0.0235 29 128 39 141
patches 0.0235 118 106 131 123
patches 0.0235 178 153 184 168
patches 0.0235 122 0 127 9
patches 0.0235 13 132 32 138
patches 0.0235 187 178 200 184
patches 0.0235 177 15 194 21
patches 0.0235 58 29 73 47
patches 0.0235 115 137 121 154
patches 0.0235 122 160 127 176
patches 0.0235 117 146 126 158
patches 0.0235 102 167 115 175
patches 0.0235 34 95 63 139
patches 0.0235 170 1 180 10
patches 0.0234 115 174 121 191
patches 0.0234 60 170 95 181
patches 0.0234 191 114 200 130
patches 0.0234 94 21 102 37
patches 0.0234 5 150 11 164
patches 0.0233 109 150 121 159
patches 0.0233 30 6 39 24
patches 0.0233 0 139 16 171
patches 0.0233 115 0 120 9
patches 0.0233 172 155 192 161
patches 0.0233 115 190 120 199
patches 0.0233 78 154 102 174
patches 0.0233 62 110 110 142
patches 0.0233 72 1 77 13
patches 0.0232 97 185 115 191
patches 0.0232 96 172 109 200
patches 0.0232 47 104 57 117
patches 0.0232 125 187 131 199
patches 0.0232 22 22 28 42
patches 0.0232 64 35 71 52
patches 0.0232 154 178 168 197
patches 0.0232 45 140 51 158
patches 0.0232 109 142 128 147
patches 0.0232 4 45 23 51
patches 0.0231 60 65 76 83
patches 0.0231 40 177 54 196
patches 0.0231 112 153 124 162
patches 0.0231 89 169 100 180
patches 0.0231 85 1 91 12
patches 0.0231 180 66 200 99
patches 0.0231 107 109 116 120
patches 0.0231 146 51 166 57
patches 0.0231 4 138 11 152
patches 0.0231 180 12 189 23
patches 0.0231 7 48 25 54
patches 0.0231 28 189 34 200
patches 0.0231 5 46 19 64
patches 0.0231 59 68 77 75
patches 0.0231 134 144 180 155
patches 0.0231 18 67 48 84
patches 0.0230 144 166 159 175
patches 0.0230 0 44 7 52
patches 0.0230 10 31 39 84
patches 0.0230 123 123 133 133
patches 0.0230 60 65 78 71
patches 0.0230 64 134 87 153
patches 0.0230 70 0 82 20
patches 0.0230 36 194 53 199
patches 0.0230 195 61 200 75
patches 0.0230 191 14 200 22
patches 0.0230 9 114 30 120
patches 0.0229 25 79 31 96
patches 0.0229 59 95 78 101
patches 0.0229 4 102 21 107
patches 0.0229 170 104 188 121
patches 0.0229 33 143 43 154
patches 0.0229 153 115 173 121
patches 0.0229 57 60 64 82
patches 0.0229 13 23 23 34
patches 0.0229 59 53 83 142
patches 0.0229 184 27 198 43
patches 0.0228 119 111 142 133
patches 0.0228 173 25 192 30
patches 0.0228 4 125 19 142
patches 0.0228 14 132 24 144
patches 0.0228 0 100 5 116
patches 0.0228 34 150 49 167
patches 0.0228 0 8 15 25
patches 0.0228 54 168 82 184
patches 0.0228 45 108 51 130
patches 0.0228 29 139 41 149
patches 0.0228 133 162 151 179
patches 0.0227 69 189 80 199
patches 0.0227 153 119 172 124
patches 0.0227 0 34 7 42
patches 0.0227 10 155 29 161
patches 0.0227 83 170 100 184
patches 0.0227 57 113 71 122
patches 0.0227 116 119 136 124
patches 0.0226 181 0 195 13
patches 0.0226 125 166 139 175
patches 0.0226 68 94 74 110
patches 0.0226 5 49 11 68
patches 0.0226 190 157 200 171
patches 0.0226 33 135 48 152
patches 0.0226 140 182 150 193
patches 0.0226 95 111 108 119
patches 0.0226 137 48 152 63
patches 0.0226 11 122 18 139
patches 0.0226 84 171 98 179
patches 0.0226 30 99 43 135
patches 0.0225 138 0 144 8
patches 0.0225 110 103 153 116
patches 0.0225 60 142 68 161
patches 0.0225 174 12 191 17
patches 0.0225 1 56 15 75
patches 0.0225 190 139 200 155
patches 0.0225 66 86 84 108
patches 0.0225 79 151 115 163
patches 0.0225 158 168 172 185
patches 0.0225 188 74 199 82
patches 0.0225 158 150 164 164
patches 0.0225 0 105 14 111
patches 0.0225 57 20 68 80
patches 0.0224 182 30 193 38
patches 0.0224 118 121 131 128
patches 0.0224 119 130 124 147
patches 0.0224 37 140 53 157
patches 0.0224 147 112 156 123
patches 0.0224 162 194 179 199
patches 0.0224 55 0 60 11
patches 0.0224 110 152 119 163
patches 0.0224 39 0 44 11
patches 0.0224 118 149 125 165
patches 0.0224 192 77 199 122
patches 0.0224 6 125 26 131
patches 0.0224 61 21 67 41
patches 0.0224 2 167 14 176
patches 0.0224 109 159 128 164
patches 0.0223 25 165 31 183
patches 0.0223 177 175 194 181
patches 0.0223 59 93 84 161
patches 0.0223 95 113 107 122
patches 0.0223 18 181 24 197
patches 0.0223 1 22 28 36
patches 0.0223 43 60 74 118
patches 0.0223 14 112 29 129
patches 0.0223 63 121 88 159
patches 0.0223 24 96 39 112
patches 0.0222 176 179 194 185
patches 0.0222 130 134 140 148
patches 0.0222 15 48 21 70
patches 0.0222 112 194 124 200
patches 0.0222 30 181 39 196
patches 0.0222 144 121 152 136
patches 0.0222 117 155 126 166
patches 0.0222 124 118 138 125
patches 0.0222 193 33 199 87
patches 0.0222 145 152 167 157
patches 0.0222 1 93 8 108
patches 0.0222 145 0 150 9
patches 0.0221 19 159 30 170
patches 0.0221 141 38 162 44
patches 0.0221 131 115 172 129
patches 0.0221 61 99 67 116
patches 0.0221 182 171 193 179
patches 0.0221 9 21 25 57
patches 0.0221 161 167 168 185
patches 0.0221 54 115 61 138
patches 0.0221 0 102 15 108
patches 0.0221 162 112 167 131
patches 0.0221 31 140 38 157
patches 0.0221 112 144 124 152
patches 0.0221 51 107 58 131
patches 0.0221 118 147 131 156
patches 0.0221 55 33 90 84
patches 0.0221 36 109 50 142
patches 0.0220 190 166 199 177
patches 0.0220 20 8 38 14
patches 0.0220 56 1 81 17
patches 0.0220 1 66 9 79
patches 0.0220 5 26 26 31
patches 0.0220 1 37 8 52
patches 0.0220 62 152 83 158
patches 0.0220 149 107 178 126
patches 0.0219 18 10 24 28
patches 0.0219 172 151 190 157
patches 0.0219 82 0 87 8
patches 0.0219 0 47 4 62
patches 0.0219 117 129 148 143
patches 0.0219 181 24 195 39
patches 0.0219 183 1 200 7
patches 0.0219 97 89 110 121
patches 0.0219 126 149 135 161
patches 0.0219 133 149 143 160
patches 0.0219 0 108 8 121
patches 0.0219 110 132 123 172
patches 0.0219 35 123 41 143
patches 0.0218 71 143 78 161
patches 0.0218 179 24 184 39
patches 0.0218 187 82 200 87
patches 0.0218 163 98 177 122
patches 0.0218 77 78 88 118
patches 0.0218 0 37 7 45
patches 0.0218 118 152 124 170
patches 0.0218 66 78 85 101
patches 0.0218 102 155 116 188
patches 0.0218 191 71 200 78
patches 0.0217 177 97 200 109
patches 0.0217 121 127 135 144
patches 0.0217 48 50 62 69
patches 0.0217 173 170 188 187
patches 0.0217 54 21 61 43
patches 0.0217 0 191 17 198
patches 0.0217 182 9 187 27
patches 0.0217 105 108 118 123
patches 0.0217 100 160 116 175
patches 0.0217 135 170 141 187
patches 0.0217 64 23 71 40
patches 0.0217 158 0 165 7
patches 0.0217 63 0 91 15
patches 0.0216 38 53 44 73
patches 0.0216 23 5 33 17
patches 0.0216 67 104 102 116
patches 0.0216 105 107 111 123
patches 0.0216 156 96 170 122
patches 0.0216 175 176 181 193
patches 0.0216 57 116 64 137
patches 0.0216 132 36 144 45
patches 0.0216 56 182 66 193
patches 0.0216 6 172 26 178
patches 0.0216 150 172 160 183
patches 0.0216 186 49 200 54
patches 0.0216 123 142 132 153
patches 0.0216 25 114 46 136
patches 0.0216 28 165 35 184
patches 0.0216 136 109 156 114
patches 0.0216 0 51 7 58
patches 0.0216 73 89 107 120
patches 0.0216 68 160 99 177
patches 0.0216 173 169 183 181
patches 0.0216 103 7 170 50
patches 0.0215 0 81 15 98
patches 0.0215 31 95 38 111
patches 0.0215 5 52 19 71
patches 0.0215 175 0 180 10
patches 0.0215 150 55 170 61
patches 0.0215 113 161 129 175
patches 0.0215 53 192 71 198
patches 0.0215 140 153 186 176
patches 0.0215 188 84 199 92
patches 0.0215 126 143 139 152
patches 0.0215 121 100 128 116
patches 0.0215 115 152 121 170
patches 0.0215 164 167 171 185
patches 0.0215 25 185 38 197
patches 0.0215 128 169 143 186
patches 0.0215 169 0 174 13
patches 0.0215 27 113 41 129
patches 0.0215 60 32 78 38
patches 0.0214 147 181 163 188
patches 0.0214 9 90 23 98
patches 0.0214 0 41 11 49
patches 0.0214 177 146 185 160
patches 0.0214 191 8 198 22
patches 0.0214 102 133 130 169
patches 0.0214 191 8 200 15
patches 0.0214 187 46 200 68
patches 0.0214 23 165 33 177
patches 0.0214 171 157 185 173
patches 0.0214 138 167 145 183
patches 0.0214 138 104 145 120
patches 0.0214 136 132 146 149
patches 0.0213 18 164 24 180
patches 0.0213 188 77 199 85
patches 0.0213 60 59 76 75
patches 0.0213 23 115 33 127
patches 0.0213 172 71 199 82
patches 0.0213 163 151 186 158
patches 0.0213 6 29 25 34
patches 0.0213 7 20 22 37
patches 0.0213 22 79 33 89
patches 0.0212 113 155 122 166
patches 0.0212 83 160 97 192
patches 0.0212 2 41 27 56
patches 0.0212 55 179 61 196
patches 0.0212 59 125 112 154
patches 0.0212 138 148 160 154
patches 0.0212 0 20 3 44
patches 0.0212 97 0 109 19
patches 0.0212 122 156 135 165
patches 0.0212 160 0 192 8
patches 0.0212 54 33 61 55
patches 0.0212 12 16 32 21
patches 0.0211 105 180 117 189
patches 0.0211 0 47 11 56
patches 0.0211 8 113 15 130
patches 0.0211 132 101 158 118
patches 0.0211 121 117 127 132
patches 0.0211 68 123 82 157
patches 0.0211 75 27 155 127
patches 0.0211 115 98 141 160
patches 0.0211 149 95 163 120
patches 0.0211 0 76 8 92
patches 0.0211 74 145 81 161
patches 0.0210 78 148 101 167
patches 0.0210 38 107 75 160
patches 0.0210 93 160 108 177
patches 0.0210 175 161 181 182
patches 0.0210 140 192 158 198
patches 0.0210 21 30 37 47
patches 0.0210 124 137 157 172
patches 0.0210 55 118 75 124
patches 0.0210 5 42 22 48
patches 0.0210 72 166 96 184
patches 0.0210 63 145 83 151
patches 0.0210 61 29 67 48
patches 0.0210 21 90 35 107
patches 0.0210 87 0 95 7
patches 0.0210 35 116 49 135
patches 0.0210 100 183 110 193
patches 0.0209 57 123 65 147
patches 0.0209 1 129 8 144
patches 0.0209 11 104 61 169
patches 0.0209 124 177 140 191
patches 0.0209 58 24 64 47
patches 0.0209 115 149 149 163
patches 0.0209 94 163 107 172
patches 0.0209 45 175 77 190
patches 0.0209 4 71 21 89
patches 0.0209 95 184 108 192
patches 0.0209 183 22 192 33
patches 0.0209 125 163 131 179
patches 0.0209 135 176 156 181
patches 0.0209 11 64 25 85
patches 0.0209 24 36 39 52
patches 0.0209 63 79 88 113
patches 0.0209 177 9 186 20
patches 0.0208 152 116 158 134
patches 0.0208 148 107 162 115
patches 0.0208 55 44 61 66
patches 0.0208 191 41 200 48
patches 0.0208 180 161 197 168
patches 0.0208 14 127 29 135
patches 0.0208 108 0 114 8
patches 0.0208 92 0 97 9
patches 0.0208 168 136 174 151
patches 0.0208 0 182 15 188
patches 0.0208 51 71 59 94
patches 0.0208 97 141 109 177
patches 0.0208 14 116 49 128
patches 0.0207 173 18 191 24
patches 0.0207 21 128 28 144
patches 0.0207 182 27 187 44
patches 0.0207 8 75 24 94
patches 0.0207 131 128 147 134
patches 0.0207 104 177 118 193
patches 0.0207 49 193 60 200
patches 0.0207 129 35 150 42
patches 0.0207 20 79 35 96
patches 0.0206 110 155 127 161
patches 0.0206 113 112 131 117
patches 0.0206 60 38 77 44
patches 0.0206 47 56 94 89
patches 0.0206 78 0 84 8
patches 0.0206 166 185 184 191
patches 0.0206 57 9 65 31
patches 0.0206 116 21 135 27
patches 0.0206 53 182 63 193
patches 0.0206 7 38 17 50
patches 0.0206 112 161 124 169
patches 0.0206 174 168 191 174
patches 0.0206 105 0 110 8
patches 0.0206 145 155 166 161
patches 0.0206 50 115 92 172
patches 0.0206 103 90 116 120
patches 0.0206 58 138 112 167
patches 0.0206 178 169 184 188
patches 0.0206 86 91 121 120
patches 0.0206 179 175 189 187
patches 0.0206 8 130 14 146
patches 0.0205 67 144 96 157
patches 0.0205 16 134 36 141
patches 0.0205 133 186 143 196
patches 0.0205 40 169 74 183
patches 0.0205 182 156 187 173
patches 0.0205 44 111 52 125
patches 0.0205 47 96 94 132
patches 0.0205 186 45 200 50
patches 0.0205 191 48 200 62
patches 0.0205 40 141 49 155
patches 0.0205 72 94 93 113
patches 0.0205 172 105 194 111
patches 0.0205 133 131 143 144
patches 0.0205 184 54 199 71
patches 0.0205 64 10 71 28
patches 0.0205 29 115 56 131
patches 0.0205 110 162 128 167
patches 0.0205 138 124 145 147
patches 0.0205 98 161 132 177
patches 0.0205 61 180 76 195
patches 0.0205 188 185 200 191
patches 0.0204 123 163 134 172
patches 0.0204 62 181 75 189
patches 0.0204 125 126 131 144
patches 0.0204 47 75 56 88
patches 0.0204 119 145 141 166
patches 0.0204 135 33 141 46
patches 0.0204 187 14 199 30
patches 0.0204 13 111 24 123
patches 0.0204 8 13 22 30
patches 0.0204 185 10 196 19
patches 0.0204 61 179 68 195
patches 0.0204 196 74 199 99
patches 0.0204 2 49 27 62
patches 0.0203 75 0 81 9
patches 0.0203 177 15 186 26
patches 0.0203 155 150 161 163
patches 0.0203 37 149 46 161
patches 0.0203 59 71 78 78
patches 0.0203 148 168 169 174
patches 0.0203 186 26 196 37
patches 0.0203 48 18 61 38
patches 0.0203 119 132 139 137
patches 0.0203 11 78 19 97
patches 0.0203 12 166 18 182
patches 0.0202 173 100 191 116
patches 0.0202 110 0 122 19
patches 0.0202 191 108 200 123
patches 0.0202 13 51 23 65
patches 0.0202 175 182 194 188
patches 0.0202 33 149 43 161
patches 0.0202 54 96 61 116
patches 0.0202 28 174 58 194
patches 0.0202 165 181 186 187
patches 0.0202 118 140 130 148
patches 0.0202 180 158 197 164
patches 0.0202 47 177 55 194
patches 0.0202 14 141 24 154
patches 0.0202 147 113 162 131
patches 0.0202 57 42 68 99
patches 0.0202 6 98 25 104
patches 0.0201 0 57 15 90
patches 0.0201 43 194 59 199
patches 0.0201 75 187 80 198
patches 0.0201 15 10 21 27
patches 0.0201 0 31 7 38
patches 0.0201 5 129 11 146
patches 0.0201 188 189 194 199
patches 0.0201 54 116 83 129
patches 0.0201 188 20 199 29
patches 0.0201 5 193 17 200
patches 0.0201 118 167 124 183
patches 0.0201 185 62 200 67
patches 0.0201 175 27 188 35
patches 0.0201 24 145 47 151
patches 0.0201 55 59 61 83
patches 0.0200 194 66 200 77
patches 0.0200 0 33 4 49
patches 0.0200 4 116 12 128
patches 0.0200 72 3 108 14
patches 0.0200 190 46 198 56
patches 0.0200 188 0 194 13
patches 0.0200 188 26 194 44
patches 0.0200 37 122 55 127
patches 0.0200 102 117 114 125
patches 0.0200 8 32 24 38
patches 0.0200 26 161 36 174
patches 0.0200 154 105 198 116
patches 0.0200 92 97 133 108
patches 0.0200 95 0 100 9
crazing 0.0455 92 175 128 200
crazing 0.0443 106 175 141 200
crazing 0.0389 112 173 135 192
crazing 0.0375 90 177 134 189
crazing 0.0360 104 170 150 181
crazing 0.0350 98 167 135 196
crazing 0.0339 173 30 200 41
crazing 0.0338 97 172 122 193
crazing 0.0335 86 165 122 197
crazing 0.0335 130 29 163 59
crazing 0.0328 114 166 145 197
crazing 0.0327 104 4 143 34
crazing 0.0327 174 162 199 195
crazing 0.0317 173 63 200 75
crazing 0.0308 159 0 200 6
crazing 0.0305 173 170 200 182
crazing 0.0299 73 5 173 66
crazing 0.0297 109 42 180 72
crazing 0.0295 100 16 142 40
crazing 0.0293 170 21 196 37
crazing 0.0291 172 163 200 175
crazing 0.0287 40 12 155 49
crazing 0.0287 105 158 140 189
crazing 0.0286 81 193 134 199
crazing 0.0284 115 192 163 199
crazing 0.0281 173 36 200 48
crazing 0.0277 171 56 200 68
crazing 0.0275 159 16 192 29
crazing 0.0275 114 176 148 190
crazing 0.0269 174 51 198 85
crazing 0.0267 165 0 188 18
crazing 0.0266 98 161 132 177
crazing 0.0265 86 110 120 143
crazing 0.0264 184 54 199 71
crazing 0.0263 176 16 199 56
crazing 0.0262 51 48 77 63
crazing 0.0262 108 170 124 196
crazing 0.0261 113 15 149 47
crazing 0.0261 88 24 120 54
crazing 0.0260 49 115 75 130
crazing 0.0260 42 109 71 122
crazing 0.0260 87 170 136 182
crazing 0.0259 161 7 189 23
crazing 0.0259 122 167 139 195
crazing 0.0259 51 28 77 44
crazing 0.0258 61 6 127 64
crazing 0.0256 17 89 54 101
crazing 0.0254 171 176 200 189
crazing 0.0252 183 60 199 77
crazing 0.0251 169 192 200 199
crazing 0.0251 40 43 99 72
crazing 0.0250 122 172 151 200
crazing 0.0246 52 41 76 57
crazing 0.0246 157 2 194 14
crazing 0.0245 161 21 186 37
crazing 0.0244 126 43 169 55
crazing 0.0244 38 29 100 58
crazing 0.0241 171 49 198 62
crazing 0.0241 136 38 171 67
crazing 0.0238 179 25 199 46
crazing 0.0236 184 34 200 50
crazing 0.0235 57 97 118 125
crazing 0.0235 142 0 175 26
crazing 0.0235 52 35 76 50
crazing 0.0234 28 108 55 123
crazing 0.0233 18 96 51 109
crazing 0.0232 169 13 196 30
crazing 0.0231 184 48 199 64
crazing 0.0231 43 0 80 8
crazing 0.0229 81 182 114 199
crazing 0.0229 182 46 200 80
crazing 0.0228 113 31 147 61
crazing 0.0228 161 3 198 34
crazing 0.0228 51 55 77 70
crazing 0.0227 51 21 77 37
crazing 0.0226 96 152 134 186
crazing 0.0224 105 163 145 176
crazing 0.0224 157 164 194 176
crazing 0.0221 83 44 154 73
crazing 0.0220 173 42 197 73
crazing 0.0220 58 111 115 140
crazing 0.0219 172 167 192 189
crazing 0.0219 53 122 82 136
crazing 0.0218 180 43 200 55
crazing 0.0217 179 16 200 38
crazing 0.0213 56 58 128 113
crazing 0.0213 78 16 175 101
crazing 0.0212 111 158 135 180
crazing 0.0212 134 0 170 17
crazing 0.0212 40 1 138 28
crazing 0.0212 183 26 200 62
crazing 0.0209 66 162 103 175
crazing 0.0208 49 14 76 30
crazing 0.0207 104 180 128 198
crazing 0.0206 42 57 99 86
crazing 0.0205 103 25 139 56
crazing 0.0205 130 0 179 7
crazing 0.0205 50 68 76 84
crazing 0.0205 172 71 199 82
crazing 0.0204 122 23 157 53
crazing 0.0204 84 124 128 135
crazing 0.0204 66 151 101 182
crazing 0.0203 65 0 111 49
crazing 0.0200 50 62 77 77
crazing 0.0200 47 7 75 23
inclusion 0.2577 135 78 176 102
inclusion 0.1270 131 15 166 43
inclusion 0.1013 151 36 181 64
inclusion 0.0864 127 2 155 40
inclusion 0.0848 121 7 174 56
inclusion 0.0838 140 18 175 56
inclusion 0.0791 150 81 190 103
inclusion 0.0712 156 48 182 62
inclusion 0.0703 173 85 190 100
inclusion 0.0696 164 84 187 98
inclusion 0.0688 131 12 146 29
inclusion 0.0651 122 16 142 30
inclusion 0.0604 144 19 164 36
inclusion 0.0587 141 24 161 40
inclusion 0.0565 110 3 167 35
inclusion 0.0558 149 18 179 80
inclusion 0.0541 140 5 158 37
inclusion 0.0529 139 81 162 99
inclusion 0.0522 154 81 173 100
inclusion 0.0517 38 22 45 38
inclusion 0.0516 137 26 156 44
inclusion 0.0514 40 14 48 27
inclusion 0.0512 44 22 52 34
inclusion 0.0509 37 20 51 29
inclusion 0.0495 44 18 52 30
inclusion 0.0479 148 79 168 95
inclusion 0.0474 42 63 54 72
inclusion 0.0474 37 29 45 40
inclusion 0.0465 34 23 47 32
inclusion 0.0464 152 19 171 53
inclusion 0.0463 41 25 49 38
inclusion 0.0461 123 21 141 28
inclusion 0.0456 137 38 175 97
inclusion 0.0450 44 64 52 77
inclusion 0.0444 52 156 69 170
inclusion 0.0444 0 70 8 84
inclusion 0.0443 133 13 147 23
inclusion 0.0440 44 48 52 61
inclusion 0.0439 134 85 152 100
inclusion 0.0439 101 7 180 76
inclusion 0.0438 33 29 42 40
inclusion 0.0435 34 0 50 5
inclusion 0.0435 151 78 185 95
inclusion 0.0430 35 73 47 82
inclusion 0.0429 36 17 45 30
inclusion 0.0427 69 67 86 82
inclusion 0.0426 69 36 87 52
inclusion 0.0424 47 52 56 64
inclusion 0.0423 136 76 153 101
inclusion 0.0420 142 87 161 103
inclusion 0.0420 41 64 48 77
inclusion 0.0416 72 59 89 75
inclusion 0.0416 129 16 143 26
inclusion 0.0415 41 48 49 61
inclusion 0.0414 45 11 51 31
inclusion 0.0413 42 8 47 28
inclusion 0.0408 44 40 51 55
inclusion 0.0408 35 70 47 79
inclusion 0.0408 35 26 48 36
inclusion 0.0406 72 26 90 43
inclusion 0.0406 112 83 130 99
inclusion 0.0403 177 129 185 141
inclusion 0.0402 47 22 56 35
inclusion 0.0401 40 0 56 5
inclusion 0.0401 167 45 181 59
inclusion 0.0400 41 130 56 139
inclusion 0.0400 44 28 52 41
inclusion 0.0399 129 0 146 27
inclusion 0.0398 129 2 171 28
inclusion 0.0397 30 48 39 61
inclusion 0.0396 47 65 55 78
inclusion 0.0396 38 133 50 143
inclusion 0.0396 45 48 51 68
inclusion 0.0395 131 78 171 91
inclusion 0.0393 39 60 50 70
inclusion 0.0393 117 53 133 68
inclusion 0.0392 34 68 47 85
inclusion 0.0391 37 48 45 60
inclusion 0.0390 43 27 54 36
inclusion 0.0390 151 18 164 29
inclusion 0.0389 90 137 106 153
inclusion 0.0388 32 96 43 106
inclusion 0.0388 93 133 109 149
inclusion 0.0388 161 74 193 100
inclusion 0.0387 66 14 83 30
inclusion 0.0387 152 47 182 80
inclusion 0.0387 36 16 51 32
inclusion 0.0386 159 52 178 65
inclusion 0.0385 42 36 48 54
inclusion 0.0385 30 98 39 109
inclusion 0.0384 37 90 44 105
inclusion 0.0384 97 56 114 72
inclusion 0.0383 158 40 186 72
inclusion 0.0381 142 68 158 94
inclusion 0.0380 41 133 55 142
inclusion 0.0380 135 0 152 4
inclusion 0.0380 86 43 103 59
inclusion 0.0379 148 36 169 61
inclusion 0.0379 122 53 140 68
inclusion 0.0379 178 122 184 138
inclusion 0.0378 31 46 44 55
inclusion 0.0376 35 66 47 76
inclusion 0.0372 41 16 55 26
inclusion 0.0372 42 89 47 107
inclusion 0.0372 83 66 101 82
inclusion 0.0371 87 83 104 98
inclusion 0.0370 10 169 25 185
inclusion 0.0370 80 80 97 96
inclusion 0.0370 100 77 118 93
inclusion 0.0369 174 134 188 142
inclusion 0.0367 0 64 11 85
inclusion 0.0365 88 24 103 41
inclusion 0.0365 27 58 36 70
inclusion 0.0365 40 32 49 44
inclusion 0.0365 31 63 38 79
inclusion 0.0364 67 40 84 55
inclusion 0.0364 37 33 45 49
inclusion 0.0363 30 29 39 40
inclusion 0.0362 150 66 163 97
inclusion 0.0362 175 84 192 94
inclusion 0.0362 37 65 51 82
inclusion 0.0361 140 29 158 39
inclusion 0.0361 43 128 52 140
inclusion 0.0360 152 61 183 95
inclusion 0.0360 42 49 48 69
inclusion 0.0360 76 32 93 49
inclusion 0.0360 129 44 160 98
inclusion 0.0358 40 92 48 103
inclusion 0.0358 71 54 88 69
inclusion 0.0358 42 19 54 37
inclusion 0.0358 70 44 87 59
inclusion 0.0356 89 66 106 83
inclusion 0.0356 42 69 48 86
inclusion 0.0355 34 43 41 58
inclusion 0.0355 76 133 94 148
inclusion 0.0355 134 0 149 7
inclusion 0.0354 86 132 104 148
inclusion 0.0354 139 0 157 25
inclusion 0.0354 131 80 150 97
inclusion 0.0353 104 27 123 41
inclusion 0.0352 38 34 52 42
inclusion 0.0352 31 96 44 112
inclusion 0.0351 37 41 45 55
inclusion 0.0350 3 169 19 185
inclusion 0.0348 33 24 42 37
inclusion 0.0347 37 69 45 84
inclusion 0.0347 153 139 163 151
inclusion 0.0347 41 38 49 50
inclusion 0.0347 155 50 173 65
inclusion 0.0346 31 56 38 71
inclusion 0.0346 40 125 56 142
inclusion 0.0346 72 40 90 54
inclusion 0.0346 44 86 52 97
inclusion 0.0345 169 45 189 65
inclusion 0.0344 157 65 170 98
inclusion 0.0344 83 77 101 92
inclusion 0.0343 37 11 45 25
inclusion 0.0343 25 55 31 74
inclusion 0.0343 169 63 184 93
inclusion 0.0342 0 17 10 25
inclusion 0.0342 3 150 18 166
inclusion 0.0342 47 131 56 143
inclusion 0.0342 38 31 52 39
inclusion 0.0342 38 96 44 113
inclusion 0.0342 49 52 54 71
inclusion 0.0342 80 37 98 51
inclusion 0.0342 30 86 39 97
inclusion 0.0341 39 54 50 62
inclusion 0.0341 33 39 42 51
inclusion 0.0341 36 95 45 107
inclusion 0.0340 38 14 51 23
inclusion 0.0339 29 119 34 138
inclusion 0.0339 44 34 53 47
inclusion 0.0339 25 60 38 69
inclusion 0.0337 45 129 50 146
inclusion 0.0337 158 85 177 102
inclusion 0.0336 111 1 140 40
inclusion 0.0336 48 44 54 64
inclusion 0.0334 76 67 93 82
inclusion 0.0334 86 71 103 86
inclusion 0.0334 88 146 104 161
inclusion 0.0333 76 84 94 98
inclusion 0.0333 35 21 55 27
inclusion 0.0333 36 79 45 90
inclusion 0.0332 72 1 90 16
inclusion 0.0332 72 94 90 109
inclusion 0.0332 93 141 109 156
inclusion 0.0332 174 131 188 139
inclusion 0.0331 40 72 49 83
inclusion 0.0331 41 87 48 102
inclusion 0.0330 0 172 15 189
inclusion 0.0329 42 96 48 115
inclusion 0.0329 34 64 42 78
inclusion 0.0329 83 52 99 70
inclusion 0.0328 130 57 146 72
inclusion 0.0328 34 89 41 105
inclusion 0.0328 132 12 147 19
inclusion 0.0328 149 19 168 25
inclusion 0.0327 152 195 171 200
inclusion 0.0327 38 23 52 40
inclusion 0.0327 165 87 185 95
inclusion 0.0327 0 14 8 29
inclusion 0.0326 45 31 51 51
inclusion 0.0326 125 74 159 101
inclusion 0.0326 76 77 94 93
inclusion 0.0326 124 76 140 92
inclusion 0.0326 76 120 93 136
inclusion 0.0325 80 70 97 85
inclusion 0.0325 34 86 47 96
inclusion 0.0325 161 23 176 56
inclusion 0.0324 30 42 39 54
inclusion 0.0323 162 63 177 92
inclusion 0.0323 94 54 111 69
inclusion 0.0323 84 60 100 75
inclusion 0.0323 100 64 118 78
inclusion 0.0322 100 70 118 84
inclusion 0.0322 138 27 164 50
inclusion 0.0322 173 85 199 118
inclusion 0.0322 37 0 52 9
inclusion 0.0322 106 70 124 84
inclusion 0.0322 119 73 137 88
inclusion 0.0321 109 56 127 73
inclusion 0.0321 35 90 47 99
inclusion 0.0321 181 126 188 141
inclusion 0.0320 130 162 145 179
inclusion 0.0320 130 74 146 100
inclusion 0.0319 127 74 143 88
inclusion 0.0319 40 57 48 73
inclusion 0.0318 24 58 32 70
inclusion 0.0318 141 67 172 97
inclusion 0.0318 141 84 184 113
inclusion 0.0318 80 7 98 22
inclusion 0.0317 76 140 93 157
inclusion 0.0317 45 128 60 145
inclusion 0.0317 39 47 51 56
inclusion 0.0317 147 195 162 200
inclusion 0.0317 42 29 48 48
inclusion 0.0317 42 87 55 95
inclusion 0.0317 44 72 52 83
inclusion 0.0316 47 72 56 84
inclusion 0.0316 174 124 182 138
inclusion 0.0316 169 48 184 55
inclusion 0.0315 73 136 89 152
inclusion 0.0315 45 65 51 84
inclusion 0.0315 125 9 151 28
inclusion 0.0315 42 26 55 44
inclusion 0.0314 93 60 110 74
inclusion 0.0314 83 129 102 144
inclusion 0.0314 43 59 52 71
inclusion 0.0314 34 100 47 108
inclusion 0.0313 76 56 93 73
inclusion 0.0313 72 80 90 96
inclusion 0.0313 92 83 111 98
inclusion 0.0313 155 43 177 59
inclusion 0.0313 93 70 110 86
inclusion 0.0312 34 44 47 52
inclusion 0.0312 80 23 95 39
inclusion 0.0311 33 82 42 94
inclusion 0.0311 32 50 44 59
inclusion 0.0311 28 62 34 81
inclusion 0.0311 185 40 197 48
inclusion 0.0311 42 70 54 79
inclusion 0.0311 116 37 134 53
inclusion 0.0311 35 41 47 49
inclusion 0.0310 34 33 41 49
inclusion 0.0309 89 87 107 102
inclusion 0.0308 40 127 48 141
inclusion 0.0308 79 137 97 152
inclusion 0.0308 38 45 44 65
inclusion 0.0308 104 75 121 88
inclusion 0.0308 80 28 96 46
inclusion 0.0307 136 0 153 11
inclusion 0.0307 5 153 17 162
inclusion 0.0307 47 58 55 70
inclusion 0.0307 30 92 39 104
inclusion 0.0307 35 94 47 103
inclusion 0.0306 45 5 52 22
inclusion 0.0305 147 190 161 200
inclusion 0.0305 40 65 58 71
inclusion 0.0305 153 182 169 200
inclusion 0.0305 33 70 42 83
inclusion 0.0304 75 90 94 105
inclusion 0.0304 131 87 147 104
inclusion 0.0304 30 27 45 42
inclusion 0.0302 134 1 150 35
inclusion 0.0302 169 78 191 97
inclusion 0.0302 83 87 100 101
inclusion 0.0301 38 60 45 81
inclusion 0.0301 35 77 48 86
inclusion 0.0301 97 89 113 105
inclusion 0.0300 103 60 121 74
inclusion 0.0300 103 0 176 17
inclusion 0.0300 176 135 186 147
inclusion 0.0299 96 67 114 82
inclusion 0.0299 138 5 181 69
inclusion 0.0299 73 186 91 199
inclusion 0.0299 156 19 177 41
inclusion 0.0299 41 43 56 52
inclusion 0.0299 44 82 52 94
inclusion 0.0299 113 49 131 65
inclusion 0.0299 76 5 95 19
inclusion 0.0298 38 132 60 137
inclusion 0.0298 90 56 106 73
inclusion 0.0298 179 88 194 100
inclusion 0.0298 55 150 72 168
inclusion 0.0298 30 71 39 84
inclusion 0.0298 72 20 89 36
inclusion 0.0298 157 50 170 85
inclusion 0.0298 185 6 191 24
inclusion 0.0297 23 118 32 130
inclusion 0.0297 46 83 51 102
inclusion 0.0297 151 128 159 140
inclusion 0.0296 80 101 98 115
inclusion 0.0296 27 122 35 133
inclusion 0.0296 146 17 164 51
inclusion 0.0296 48 37 55 57
inclusion 0.0296 104 29 124 35
inclusion 0.0296 89 74 106 90
inclusion 0.0295 152 132 158 151
inclusion 0.0295 24 64 38 72
inclusion 0.0295 75 47 94 62
inclusion 0.0294 26 0 43 4
inclusion 0.0293 188 66 194 84
inclusion 0.0293 162 49 178 78
inclusion 0.0293 24 50 31 65
inclusion 0.0293 119 57 136 73
inclusion 0.0293 34 95 41 111
inclusion 0.0292 111 88 127 103
inclusion 0.0292 100 93 115 108
inclusion 0.0292 88 141 103 156
inclusion 0.0291 150 21 169 28
inclusion 0.0291 77 128 94 142
inclusion 0.0291 31 25 52 30
inclusion 0.0291 106 79 124 95
inclusion 0.0291 80 17 112 42
inclusion 0.0291 67 0 84 13
inclusion 0.0291 48 15 55 32
inclusion 0.0290 150 184 159 197
inclusion 0.0290 69 153 84 171
inclusion 0.0290 191 44 198 58
inclusion 0.0290 82 187 100 199
inclusion 0.0289 27 85 36 96
inclusion 0.0289 28 41 41 49
inclusion 0.0289 184 15 192 27
inclusion 0.0289 124 0 152 21
inclusion 0.0288 79 63 97 78
inclusion 0.0288 76 103 93 118
inclusion 0.0288 36 68 54 74
inclusion 0.0288 42 83 55 100
inclusion 0.0288 150 136 159 147
inclusion 0.0288 43 90 55 99
inclusion 0.0287 36 135 54 141
inclusion 0.0287 165 54 185 76
inclusion 0.0287 122 19 133 29
inclusion 0.0286 0 20 3 44
inclusion 0.0286 95 170 106 179
inclusion 0.0286 83 40 101 56
inclusion 0.0286 128 0 148 13
inclusion 0.0286 42 76 47 94
inclusion 0.0286 23 193 33 200
inclusion 0.0286 79 94 98 108
inclusion 0.0286 47 45 56 57
inclusion 0.0286 68 9 88 24
inclusion 0.0285 180 194 195 200
inclusion 0.0285 36 72 55 77
inclusion 0.0285 63 9 80 26
inclusion 0.0285 159 138 170 151
inclusion 0.0284 72 100 89 116
inclusion 0.0284 32 75 51 81
inclusion 0.0284 66 94 83 109
inclusion 0.0284 29 17 44 35
inclusion 0.0284 42 53 55 62
inclusion 0.0283 137 63 149 100
inclusion 0.0283 30 52 39 64
inclusion 0.0283 44 50 58 59
inclusion 0.0283 4 130 11 144
inclusion 0.0283 155 132 161 151
inclusion 0.0282 33 12 47 30
inclusion 0.0282 97 74 114 89
inclusion 0.0282 35 18 55 24
inclusion 0.0282 90 13 106 32
inclusion 0.0282 71 87 91 101
inclusion 0.0281 173 132 182 144
inclusion 0.0281 44 95 52 107
inclusion 0.0281 41 126 55 135
inclusion 0.0281 56 156 71 166
inclusion 0.0280 122 4 140 31
inclusion 0.0280 151 50 181 67
inclusion 0.0280 73 105 90 122
inclusion 0.0280 34 85 47 103
inclusion 0.0279 0 0 8 4
inclusion 0.0279 37 52 46 64
inclusion 0.0279 124 103 131 119
inclusion 0.0279 42 49 55 68
inclusion 0.0278 72 14 91 29
inclusion 0.0277 20 58 29 71
inclusion 0.0277 28 49 34 68
inclusion 0.0277 158 190 172 200
inclusion 0.0277 152 16 169 32
inclusion 0.0277 70 110 87 125
inclusion 0.0277 156 139 166 151
inclusion 0.0276 1 73 15 82
inclusion 0.0276 37 97 50 105
inclusion 0.0276 93 43 110 59
inclusion 0.0276 122 102 127 121
inclusion 0.0276 174 127 189 136
inclusion 0.0276 35 84 47 92
inclusion 0.0275 88 25 121 41
inclusion 0.0275 86 91 105 106
inclusion 0.0274 16 195 33 200
inclusion 0.0274 42 97 55 105
inclusion 0.0274 63 36 80 52
inclusion 0.0273 165 124 172 144
inclusion 0.0273 71 74 90 89
inclusion 0.0273 21 43 28 58
inclusion 0.0273 33 52 42 64
inclusion 0.0272 173 131 188 146
inclusion 0.0272 66 79 84 96
inclusion 0.0271 138 35 177 51
inclusion 0.0271 188 43 194 59
inclusion 0.0271 17 115 26 127
inclusion 0.0271 63 110 79 125
inclusion 0.0271 185 172 191 191
inclusion 0.0271 28 83 41 100
inclusion 0.0270 102 171 107 187
inclusion 0.0270 151 51 163 84
inclusion 0.0270 167 26 192 87
inclusion 0.0270 40 79 49 90
inclusion 0.0270 156 80 171 91
inclusion 0.0270 185 37 197 46
inclusion 0.0269 47 136 56 146
inclusion 0.0269 187 69 195 80
inclusion 0.0269 31 120 38 136
inclusion 0.0269 111 157 117 174
inclusion 0.0269 67 30 84 45
inclusion 0.0269 35 61 47 80
inclusion 0.0268 76 10 94 25
inclusion 0.0268 38 46 51 64
inclusion 0.0268 50 48 59 61
inclusion 0.0268 50 0 65 4
inclusion 0.0267 196 0 199 23
inclusion 0.0267 188 12 194 31
inclusion 0.0267 31 81 44 89
inclusion 0.0267 80 1 97 16
inclusion 0.0267 37 83 44 99
inclusion 0.0267 157 183 165 198
inclusion 0.0267 76 0 94 12
inclusion 0.0267 6 166 23 182
inclusion 0.0267 130 11 169 23
inclusion 0.0267 44 46 58 64
inclusion 0.0267 86 7 105 21
inclusion 0.0266 130 164 144 172
inclusion 0.0266 40 25 58 31
inclusion 0.0266 149 145 160 156
inclusion 0.0266 41 81 54 88
inclusion 0.0266 30 76 44 93
inclusion 0.0265 184 66 197 83
inclusion 0.0265 29 24 40 37
inclusion 0.0265 38 30 52 47
inclusion 0.0265 80 173 97 189
inclusion 0.0265 41 60 55 77
inclusion 0.0265 174 88 197 94
inclusion 0.0264 158 85 179 92
inclusion 0.0264 171 135 193 140
inclusion 0.0264 90 47 106 63
inclusion 0.0264 167 125 175 142
inclusion 0.0264 160 194 177 199
inclusion 0.0264 1 130 14 138
inclusion 0.0263 161 74 177 99
inclusion 0.0263 7 172 23 189
inclusion 0.0263 69 100 81 109
inclusion 0.0263 25 120 31 137
inclusion 0.0263 79 44 97 59
inclusion 0.0263 38 77 44 93
inclusion 0.0262 112 149 117 166
inclusion 0.0262 76 17 93 33
inclusion 0.0262 42 84 54 92
inclusion 0.0262 79 191 96 200
inclusion 0.0262 117 155 126 166
inclusion 0.0262 34 58 43 71
inclusion 0.0262 48 94 55 108
inclusion 0.0262 49 81 54 103
inclusion 0.0262 42 94 55 102
inclusion 0.0261 40 32 58 38
inclusion 0.0261 153 131 163 144
inclusion 0.0261 123 60 140 75
inclusion 0.0261 66 64 84 78
inclusion 0.0260 43 136 52 146
inclusion 0.0260 180 131 189 144
inclusion 0.0260 182 14 193 22
inclusion 0.0260 0 7 3 33
inclusion 0.0260 136 0 149 21
inclusion 0.0260 31 32 38 50
inclusion 0.0260 35 160 48 169
inclusion 0.0260 154 87 192 117
inclusion 0.0260 38 57 50 66
inclusion 0.0259 191 194 200 200
inclusion 0.0259 40 0 49 9
inclusion 0.0259 20 119 29 130
inclusion 0.0258 27 77 41 86
inclusion 0.0258 186 177 197 186
inclusion 0.0258 152 39 175 53
inclusion 0.0258 152 71 170 88
inclusion 0.0258 157 178 165 190
inclusion 0.0258 130 13 145 42
inclusion 0.0257 196 37 199 62
inclusion 0.0257 48 84 55 98
inclusion 0.0257 106 64 125 77
inclusion 0.0257 82 30 94 39
inclusion 0.0257 26 98 36 110
inclusion 0.0257 142 25 175 44
inclusion 0.0257 185 34 197 42
inclusion 0.0256 163 43 190 59
inclusion 0.0256 85 81 91 96
inclusion 0.0256 190 42 198 53
inclusion 0.0256 50 71 59 85
inclusion 0.0256 14 121 28 129
inclusion 0.0256 186 46 195 56
inclusion 0.0256 113 33 131 48
inclusion 0.0256 121 19 143 25
inclusion 0.0256 156 193 167 200
inclusion 0.0256 143 9 165 32
inclusion 0.0256 27 126 35 138
inclusion 0.0255 138 31 152 43
inclusion 0.0255 98 57 104 72
inclusion 0.0255 42 70 55 87
inclusion 0.0255 21 190 37 200
inclusion 0.0255 139 89 156 99
inclusion 0.0255 18 117 25 133
inclusion 0.0255 27 136 42 146
inclusion 0.0255 97 130 112 146
inclusion 0.0254 0 57 15 90
inclusion 0.0254 187 34 195 49
inclusion 0.0254 185 33 191 51
inclusion 0.0254 188 172 194 191
inclusion 0.0254 99 15 171 47
inclusion 0.0254 151 137 165 146
inclusion 0.0254 140 56 156 72
inclusion 0.0254 196 9 199 36
inclusion 0.0253 25 69 31 87
inclusion 0.0253 0 74 11 93
inclusion 0.0253 166 44 183 70
inclusion 0.0253 185 187 197 196
inclusion 0.0252 32 26 38 42
inclusion 0.0252 150 20 169 38
inclusion 0.0252 131 166 145 175
inclusion 0.0252 27 44 35 58
inclusion 0.0252 84 24 91 39
inclusion 0.0252 35 37 48 46
inclusion 0.0252 185 17 197 25
inclusion 0.0252 40 62 58 68
inclusion 0.0252 83 103 100 120
inclusion 0.0251 5 173 11 188
inclusion 0.0251 0 23 8 38
inclusion 0.0251 127 161 141 175
inclusion 0.0250 46 95 51 116
inclusion 0.0250 83 98 102 111
inclusion 0.0250 47 34 56 48
inclusion 0.0250 183 0 199 4
inclusion 0.0250 26 115 35 127
inclusion 0.0250 180 12 189 23
inclusion 0.0250 187 7 195 23
inclusion 0.0250 68 84 87 98
inclusion 0.0249 184 29 198 47
inclusion 0.0249 187 40 195 54
inclusion 0.0249 100 52 117 68
inclusion 0.0249 112 70 131 85
inclusion 0.0249 185 66 191 83
inclusion 0.0248 37 131 51 149
inclusion 0.0248 81 152 96 169
inclusion 0.0248 45 77 51 92
inclusion 0.0248 1 53 8 98
inclusion 0.0248 88 54 94 69
inclusion 0.0248 42 57 55 66
inclusion 0.0248 93 10 111 26
inclusion 0.0248 196 60 199 86
inclusion 0.0248 173 57 192 78
inclusion 0.0247 76 98 94 112
inclusion 0.0247 85 21 102 37
inclusion 0.0247 37 58 46 72
inclusion 0.0247 3 154 13 166
inclusion 0.0247 68 91 87 106
inclusion 0.0247 105 112 110 128
inclusion 0.0247 189 51 194 66
inclusion 0.0246 134 17 152 36
inclusion 0.0246 48 69 54 88
inclusion 0.0246 42 100 55 109
inclusion 0.0246 101 168 108 182
inclusion 0.0246 63 44 80 60
inclusion 0.0246 176 86 190 113
inclusion 0.0246 38 117 45 133
inclusion 0.0246 84 150 100 165
inclusion 0.0246 150 52 167 68
inclusion 0.0246 33 29 52 34
inclusion 0.0246 50 133 60 147
inclusion 0.0246 108 173 114 191
inclusion 0.0246 78 51 97 66
inclusion 0.0246 94 170 108 186
inclusion 0.0245 69 139 86 157
inclusion 0.0245 29 83 34 99
inclusion 0.0245 94 142 102 155
inclusion 0.0245 122 36 141 52
inclusion 0.0245 146 143 163 159
inclusion 0.0245 115 157 121 174
inclusion 0.0245 180 51 194 66
inclusion 0.0244 49 128 55 146
inclusion 0.0244 148 132 154 151
inclusion 0.0244 83 14 101 29
inclusion 0.0244 119 84 137 99
inclusion 0.0243 190 51 198 60
inclusion 0.0243 16 169 33 185
inclusion 0.0243 23 122 32 133
inclusion 0.0242 126 110 137 119
inclusion 0.0242 185 26 191 43
inclusion 0.0242 14 113 29 121
inclusion 0.0242 0 152 14 168
inclusion 0.0242 0 75 6 86
inclusion 0.0242 24 55 38 72
inclusion 0.0242 63 183 80 199
inclusion 0.0242 108 109 114 125
inclusion 0.0242 191 8 198 22
inclusion 0.0242 149 88 168 103
inclusion 0.0242 191 1 198 15
inclusion 0.0242 122 110 133 119
inclusion 0.0242 164 53 193 68
inclusion 0.0242 157 129 165 145
inclusion 0.0242 97 137 112 152
inclusion 0.0241 147 128 156 140
inclusion 0.0241 45 20 58 29
inclusion 0.0241 83 48 99 62
inclusion 0.0241 25 42 31 60
inclusion 0.0241 99 29 119 44
inclusion 0.0241 118 98 124 118
inclusion 0.0240 80 124 98 139
inclusion 0.0240 75 114 93 128
inclusion 0.0240 184 183 191 198
inclusion 0.0240 164 59 195 95
inclusion 0.0240 48 130 63 150
inclusion 0.0240 1 124 14 142
inclusion 0.0240 25 83 38 92
inclusion 0.0240 185 0 191 18
inclusion 0.0240 145 43 178 71
inclusion 0.0240 30 48 47 54
inclusion 0.0240 47 104 57 117
inclusion 0.0240 85 20 97 49
inclusion 0.0239 0 0 3 11
inclusion 0.0239 20 50 28 65
inclusion 0.0239 41 28 58 34
inclusion 0.0239 28 194 48 199
inclusion 0.0239 154 187 169 196
inclusion 0.0239 187 173 196 184
inclusion 0.0239 31 108 38 121
inclusion 0.0239 173 67 192 88
inclusion 0.0239 170 126 179 142
inclusion 0.0239 80 147 95 162
inclusion 0.0238 114 78 133 91
inclusion 0.0238 1 71 16 88
inclusion 0.0238 46 80 58 89
inclusion 0.0238 28 69 34 87
inclusion 0.0238 86 29 97 39
inclusion 0.0238 129 75 142 82
inclusion 0.0237 185 19 191 37
inclusion 0.0237 0 53 3 78
inclusion 0.0237 110 152 119 163
inclusion 0.0237 183 69 192 80
inclusion 0.0237 3 0 19 4
inclusion 0.0237 28 67 41 76
inclusion 0.0237 105 160 110 176
inclusion 0.0237 109 150 114 167
inclusion 0.0236 31 46 44 64
inclusion 0.0236 168 6 174 24
inclusion 0.0236 91 53 98 70
inclusion 0.0236 36 15 56 21
inclusion 0.0236 42 89 55 107
inclusion 0.0235 98 170 104 185
inclusion 0.0235 44 63 59 80
inclusion 0.0235 163 182 173 195
inclusion 0.0235 185 86 199 106
inclusion 0.0235 14 173 27 182
inclusion 0.0234 38 53 51 71
inclusion 0.0234 37 102 45 114
inclusion 0.0234 184 67 197 75
inclusion 0.0234 31 37 44 53
inclusion 0.0234 163 131 174 144
inclusion 0.0234 35 49 41 69
inclusion 0.0234 162 178 168 197
inclusion 0.0234 115 88 121 103
inclusion 0.0234 187 53 196 63
inclusion 0.0234 122 107 133 116
inclusion 0.0234 183 26 192 37
inclusion 0.0234 70 0 87 8
inclusion 0.0233 121 153 133 162
inclusion 0.0233 21 114 34 122
inclusion 0.0233 27 190 43 200
inclusion 0.0233 22 59 28 78
inclusion 0.0233 27 0 52 3
inclusion 0.0233 163 80 181 95
inclusion 0.0233 29 78 39 90
inclusion 0.0233 28 70 41 79
inclusion 0.0233 182 15 187 34
inclusion 0.0233 105 79 111 92
inclusion 0.0233 110 163 119 174
inclusion 0.0233 92 45 97 59
inclusion 0.0233 103 162 112 173
inclusion 0.0232 71 149 88 165
inclusion 0.0232 116 87 133 102
inclusion 0.0232 25 62 31 81
inclusion 0.0232 47 78 56 91
inclusion 0.0232 108 167 114 184
inclusion 0.0232 17 60 32 69
inclusion 0.0232 154 78 169 88
inclusion 0.0231 92 147 98 161
inclusion 0.0231 190 70 199 79
inclusion 0.0231 102 57 108 72
inclusion 0.0231 5 9 11 27
inclusion 0.0231 121 54 129 67
inclusion 0.0231 115 107 127 116
inclusion 0.0231 158 180 171 189
inclusion 0.0231 78 23 115 36
inclusion 0.0230 14 107 30 125
inclusion 0.0230 182 3 187 21
inclusion 0.0230 30 65 44 82
inclusion 0.0230 182 113 199 131
inclusion 0.0230 187 63 194 78
inclusion 0.0230 68 4 87 19
inclusion 0.0230 163 35 182 58
inclusion 0.0230 42 40 55 49
inclusion 0.0230 186 28 196 40
inclusion 0.0230 142 32 160 47
inclusion 0.0229 152 129 165 139
inclusion 0.0229 161 85 176 97
inclusion 0.0229 3 176 13 186
inclusion 0.0229 47 11 56 25
inclusion 0.0229 185 43 197 52
inclusion 0.0229 36 153 46 168
inclusion 0.0229 187 49 195 60
inclusion 0.0229 1 165 15 182
inclusion 0.0228 154 182 160 199
inclusion 0.0228 132 87 167 101
inclusion 0.0228 36 130 45 144
inclusion 0.0228 8 131 15 144
inclusion 0.0228 0 37 3 62
inclusion 0.0228 191 64 198 78
inclusion 0.0228 191 184 198 198
inclusion 0.0228 40 89 58 94
inclusion 0.0228 187 183 195 199
inclusion 0.0228 162 79 195 92
inclusion 0.0228 37 106 46 117
inclusion 0.0228 109 29 126 45
inclusion 0.0227 32 117 44 125
inclusion 0.0227 85 8 91 22
inclusion 0.0227 184 190 198 200
inclusion 0.0227 148 124 154 143
inclusion 0.0227 44 137 60 145
inclusion 0.0227 185 24 197 32
inclusion 0.0227 74 156 87 165
inclusion 0.0227 93 166 103 177
inclusion 0.0227 122 151 128 170
inclusion 0.0227 41 96 59 120
inclusion 0.0226 163 190 179 200
inclusion 0.0226 173 195 189 200
inclusion 0.0226 95 173 107 182
inclusion 0.0226 183 22 192 33
inclusion 0.0226 28 37 41 46
inclusion 0.0226 42 1 48 21
inclusion 0.0226 101 98 114 105
inclusion 0.0226 107 156 115 166
inclusion 0.0225 179 17 191 25
inclusion 0.0225 147 59 164 75
inclusion 0.0225 115 174 121 191
inclusion 0.0225 183 157 197 172
inclusion 0.0225 126 107 137 116
inclusion 0.0225 156 89 172 100
inclusion 0.0225 66 195 83 200
inclusion 0.0225 28 95 34 114
inclusion 0.0225 9 172 21 183
inclusion 0.0225 111 41 127 56
inclusion 0.0225 95 163 101 180
inclusion 0.0225 176 72 188 99
inclusion 0.0225 95 75 101 89
inclusion 0.0224 20 193 30 200
inclusion 0.0224 111 109 117 125
inclusion 0.0224 188 48 199 55
inclusion 0.0224 125 54 131 68
inclusion 0.0224 85 105 91 118
inclusion 0.0224 67 99 83 116
inclusion 0.0224 37 52 55 57
inclusion 0.0224 3 15 12 26
inclusion 0.0224 0 20 11 29
inclusion 0.0223 115 96 121 114
inclusion 0.0223 154 126 162 141
inclusion 0.0223 101 133 115 149
inclusion 0.0223 183 32 192 43
inclusion 0.0223 166 135 177 146
inclusion 0.0223 97 163 105 179
inclusion 0.0223 29 32 49 37
inclusion 0.0223 98 110 104 126
inclusion 0.0223 117 151 126 163
inclusion 0.0223 69 17 80 26
inclusion 0.0223 180 18 189 30
inclusion 0.0222 144 132 151 151
inclusion 0.0222 26 22 42 32
inclusion 0.0222 105 171 111 187
inclusion 0.0222 23 85 32 97
inclusion 0.0222 8 152 20 163
inclusion 0.0222 92 171 103 182
inclusion 0.0222 127 67 144 83
inclusion 0.0222 107 166 116 176
inclusion 0.0222 108 160 114 176
inclusion 0.0222 30 102 39 113
inclusion 0.0222 26 35 36 47
inclusion 0.0222 37 125 45 139
inclusion 0.0222 32 63 45 73
inclusion 0.0222 121 105 129 117
inclusion 0.0222 10 0 26 8
inclusion 0.0222 3 171 13 182
inclusion 0.0222 48 24 54 45
inclusion 0.0222 17 112 32 129
inclusion 0.0222 102 162 107 180
inclusion 0.0222 30 0 46 9
inclusion 0.0222 188 26 194 44
inclusion 0.0221 30 115 39 127
inclusion 0.0221 107 163 116 173
inclusion 0.0221 25 82 31 101
inclusion 0.0221 0 70 3 93
inclusion 0.0221 0 27 7 35
inclusion 0.0221 182 76 200 130
inclusion 0.0221 0 191 8 199
inclusion 0.0221 80 29 90 40
inclusion 0.0221 98 44 104 59
inclusion 0.0221 56 108 69 141
inclusion 0.0221 187 64 199 72
inclusion 0.0221 38 109 44 127
inclusion 0.0220 153 150 170 164
inclusion 0.0220 102 78 107 92
inclusion 0.0220 158 133 164 151
inclusion 0.0220 182 9 187 27
inclusion 0.0220 95 136 107 146
inclusion 0.0220 87 1 105 16
inclusion 0.0220 120 155 130 166
inclusion 0.0220 95 44 101 59
inclusion 0.0220 52 3 64 13
inclusion 0.0220 188 57 194 73
inclusion 0.0220 126 18 135 30
inclusion 0.0219 70 191 86 200
inclusion 0.0219 47 151 57 164
inclusion 0.0219 4 170 18 179
inclusion 0.0219 102 112 107 129
inclusion 0.0219 81 27 94 36
inclusion 0.0219 56 0 72 4
inclusion 0.0219 184 168 191 182
inclusion 0.0219 94 162 108 180
inclusion 0.0219 114 91 130 107
inclusion 0.0219 18 47 31 56
inclusion 0.0219 82 21 87 37
inclusion 0.0219 25 47 38 56
inclusion 0.0218 37 97 50 114
inclusion 0.0218 42 107 54 116
inclusion 0.0218 115 148 121 165
inclusion 0.0218 113 90 123 100
inclusion 0.0218 109 167 121 175
inclusion 0.0218 82 131 87 145
inclusion 0.0218 183 53 192 64
inclusion 0.0218 188 14 198 22
inclusion 0.0218 184 160 196 169
inclusion 0.0218 111 126 117 143
inclusion 0.0218 119 49 137 65
inclusion 0.0218 97 98 112 112
inclusion 0.0218 101 84 117 99
inclusion 0.0217 155 79 174 85
inclusion 0.0217 2 134 14 142
inclusion 0.0217 24 79 39 95
inclusion 0.0217 39 0 44 11
inclusion 0.0217 94 30 110 38
inclusion 0.0217 152 193 163 200
inclusion 0.0217 28 43 41 59
inclusion 0.0217 99 10 117 25
inclusion 0.0217 191 0 200 4
inclusion 0.0217 42 104 55 112
inclusion 0.0217 38 161 51 174
inclusion 0.0217 107 174 122 191
inclusion 0.0217 51 159 64 169
inclusion 0.0217 133 61 150 76
inclusion 0.0217 175 13 181 29
inclusion 0.0217 128 103 134 119
inclusion 0.0217 163 139 173 150
inclusion 0.0217 112 157 124 165
inclusion 0.0217 188 0 194 17
inclusion 0.0217 40 153 49 168
inclusion 0.0217 42 76 55 93
inclusion 0.0217 161 128 169 144
inclusion 0.0217 35 110 41 127
inclusion 0.0217 46 77 58 85
inclusion 0.0216 37 9 51 27
inclusion 0.0216 191 38 198 50
inclusion 0.0216 8 170 14 185
inclusion 0.0216 35 119 41 140
inclusion 0.0216 151 57 165 65
inclusion 0.0216 95 56 101 73
inclusion 0.0216 196 24 199 48
inclusion 0.0216 67 20 83 36
inclusion 0.0216 111 174 117 191
inclusion 0.0216 184 43 197 59
inclusion 0.0216 111 117 117 134
inclusion 0.0216 190 15 198 27
inclusion 0.0215 34 119 42 131
inclusion 0.0215 120 19 136 35
inclusion 0.0215 171 34 190 56
inclusion 0.0215 184 39 192 50
inclusion 0.0215 162 49 196 84
inclusion 0.0215 143 150 160 165
inclusion 0.0214 171 132 193 137
inclusion 0.0214 21 66 28 84
inclusion 0.0214 30 52 48 57
inclusion 0.0214 117 157 124 171
inclusion 0.0214 92 140 103 150
inclusion 0.0214 0 18 11 35
inclusion 0.0214 131 19 145 28
inclusion 0.0214 126 76 137 86
inclusion 0.0213 82 83 93 93
inclusion 0.0213 115 124 121 139
inclusion 0.0213 6 172 16 183
inclusion 0.0213 179 16 184 33
inclusion 0.0213 100 43 116 61
inclusion 0.0213 99 136 110 147
inclusion 0.0213 132 0 144 5
inclusion 0.0213 107 94 115 107
inclusion 0.0213 36 35 56 40
inclusion 0.0213 148 133 162 142
inclusion 0.0213 99 59 111 69
inclusion 0.0213 133 21 144 32
inclusion 0.0213 157 175 172 194
inclusion 0.0213 115 152 129 169
inclusion 0.0213 71 159 83 169
inclusion 0.0212 0 94 3 119
inclusion 0.0212 97 138 105 152
inclusion 0.0212 20 0 36 4
inclusion 0.0212 24 87 38 104
inclusion 0.0212 59 149 80 171
inclusion 0.0212 44 102 52 114
inclusion 0.0212 67 114 85 128
inclusion 0.0212 151 133 165 151
inclusion 0.0212 92 144 104 153
inclusion 0.0212 50 40 60 54
inclusion 0.0212 189 87 199 116
inclusion 0.0212 50 64 59 78
inclusion 0.0212 71 69 84 79
inclusion 0.0212 196 71 199 96
inclusion 0.0212 95 51 101 67
inclusion 0.0212 100 0 117 8
inclusion 0.0212 113 159 122 170
inclusion 0.0212 34 160 49 176
inclusion 0.0212 5 0 10 13
inclusion 0.0212 94 110 101 126
inclusion 0.0212 25 90 38 99
inclusion 0.0211 33 110 43 120
inclusion 0.0211 25 97 38 106
inclusion 0.0211 177 15 186 26
inclusion 0.0211 88 81 94 96
inclusion 0.0211 185 27 197 35
inclusion 0.0211 38 122 51 140
inclusion 0.0211 151 1 161 30
inclusion 0.0211 191 164 198 178
inclusion 0.0211 4 39 13 50
inclusion 0.0211 8 7 14 24
inclusion 0.0211 0 10 5 26
inclusion 0.0211 118 150 132 165
inclusion 0.0211 188 180 199 189
inclusion 0.0211 110 159 119 170
inclusion 0.0210 82 195 100 200
inclusion 0.0210 71 15 77 29
inclusion 0.0210 183 178 192 191
inclusion 0.0210 41 118 48 140
inclusion 0.0210 124 137 131 151
inclusion 0.0210 81 55 87 68
inclusion 0.0210 5 4 10 20
inclusion 0.0210 104 134 111 149
inclusion 0.0210 75 2 81 16
inclusion 0.0210 179 9 184 25
inclusion 0.0210 141 85 161 96
inclusion 0.0210 5 77 11 92
inclusion 0.0210 185 20 197 29
inclusion 0.0209 103 173 112 184
inclusion 0.0209 87 163 96 174
inclusion 0.0209 0 74 12 80
inclusion 0.0209 182 108 199 124
inclusion 0.0209 153 56 170 72
inclusion 0.0209 174 121 189 140
inclusion 0.0209 81 121 87 135
inclusion 0.0209 132 89 145 99
inclusion 0.0209 114 44 131 59
inclusion 0.0209 41 104 58 128
inclusion 0.0209 38 104 44 120
inclusion 0.0209 102 0 120 12
inclusion 0.0209 107 43 122 60
inclusion 0.0208 87 160 97 170
inclusion 0.0208 180 23 189 33
inclusion 0.0208 167 180 175 196
inclusion 0.0208 0 33 9 43
inclusion 0.0208 82 8 88 22
inclusion 0.0208 0 18 5 34
inclusion 0.0208 95 167 107 176
inclusion 0.0208 0 79 9 89
inclusion 0.0208 97 56 107 66
inclusion 0.0208 123 142 132 153
inclusion 0.0208 4 135 11 149
inclusion 0.0208 40 135 49 146
inclusion 0.0208 95 160 106 169
inclusion 0.0208 63 66 80 82
inclusion 0.0208 115 118 121 133
inclusion 0.0208 40 121 49 135
inclusion 0.0208 191 174 198 188
inclusion 0.0208 72 13 103 43
inclusion 0.0208 3 125 12 140
inclusion 0.0208 28 124 41 132
inclusion 0.0208 172 6 177 24
inclusion 0.0207 128 77 142 85
inclusion 0.0207 0 0 5 7
inclusion 0.0207 127 0 163 7
inclusion 0.0207 178 10 191 26
inclusion 0.0207 106 53 123 68
inclusion 0.0207 23 45 32 57
inclusion 0.0207 101 99 115 117
inclusion 0.0207 128 147 134 164
inclusion 0.0207 152 138 158 157
inclusion 0.0207 176 51 189 85
inclusion 0.0207 38 40 52 56
inclusion 0.0207 35 50 48 68
inclusion 0.0207 33 92 51 97
inclusion 0.0207 53 195 69 200
inclusion 0.0207 133 53 150 68
inclusion 0.0207 6 152 22 170
inclusion 0.0206 103 166 112 176
inclusion 0.0206 104 164 119 179
inclusion 0.0206 78 156 84 171
inclusion 0.0206 43 55 61 61
inclusion 0.0206 0 71 12 78
inclusion 0.0206 185 173 198 190
inclusion 0.0206 0 13 15 28
inclusion 0.0206 131 0 163 18
inclusion 0.0206 89 98 107 111
inclusion 0.0206 84 78 92 92
inclusion 0.0206 75 27 81 42
inclusion 0.0206 163 178 173 191
inclusion 0.0206 88 161 94 178
inclusion 0.0206 153 178 163 191
inclusion 0.0206 5 49 11 68
inclusion 0.0205 189 74 194 90
inclusion 0.0205 173 16 182 26
inclusion 0.0205 79 117 96 132
inclusion 0.0205 17 58 24 79
inclusion 0.0205 10 0 25 16
inclusion 0.0205 50 138 60 151
inclusion 0.0205 32 88 51 94
inclusion 0.0205 100 112 109 123
inclusion 0.0205 60 195 75 200
inclusion 0.0205 85 131 91 145
inclusion 0.0205 184 13 197 30
inclusion 0.0205 161 136 168 154
inclusion 0.0205 32 98 51 104
inclusion 0.0205 90 148 107 167
inclusion 0.0205 107 173 116 184
inclusion 0.0205 110 176 119 187
inclusion 0.0205 112 165 118 178
inclusion 0.0205 43 175 53 188
inclusion 0.0204 82 142 87 157
inclusion 0.0204 104 94 111 107
inclusion 0.0204 30 71 47 77
inclusion 0.0204 39 45 60 51
inclusion 0.0204 179 149 199 164
inclusion 0.0204 25 75 44 81
inclusion 0.0204 11 171 24 179
inclusion 0.0204 37 55 54 60
inclusion 0.0204 85 141 91 157
inclusion 0.0204 41 173 48 190
inclusion 0.0204 191 67 200 82
inclusion 0.0204 124 151 137 159
inclusion 0.0204 127 54 135 68
inclusion 0.0204 100 166 109 176
inclusion 0.0204 111 43 117 59
inclusion 0.0204 196 0 199 12
inclusion 0.0204 34 33 47 50
inclusion 0.0204 0 0 16 8
inclusion 0.0203 78 13 89 48
inclusion 0.0203 183 119 199 139
inclusion 0.0203 103 115 112 126
inclusion 0.0203 96 60 107 70
inclusion 0.0203 5 130 18 139
inclusion 0.0203 122 57 134 66
inclusion 0.0203 75 35 81 47
inclusion 0.0203 181 24 188 39
inclusion 0.0203 31 80 38 96
inclusion 0.0203 19 50 31 59
inclusion 0.0203 2 57 14 65
inclusion 0.0203 8 152 14 169
inclusion 0.0203 89 28 101 39
inclusion 0.0203 17 196 43 199
inclusion 0.0203 89 47 100 57
inclusion 0.0203 107 36 122 52
inclusion 0.0202 84 32 101 48
inclusion 0.0202 21 56 35 66
inclusion 0.0202 40 99 59 104
inclusion 0.0202 24 80 38 88
inclusion 0.0202 186 59 195 70
inclusion 0.0202 45 0 51 10
inclusion 0.0202 21 90 34 99
inclusion 0.0202 42 179 48 197
inclusion 0.0202 48 102 65 128
inclusion 0.0202 118 94 124 111
inclusion 0.0202 72 36 84 46
inclusion 0.0202 34 136 47 145
inclusion 0.0202 33 11 42 25
inclusion 0.0202 100 160 108 174
inclusion 0.0201 88 45 94 59
inclusion 0.0201 187 73 195 84
inclusion 0.0201 125 139 131 158
inclusion 0.0201 45 53 59 70
inclusion 0.0201 46 83 58 92
inclusion 0.0201 60 112 75 129
inclusion 0.0201 177 19 186 30
inclusion 0.0201 147 151 155 164
inclusion 0.0201 110 117 125 133
inclusion 0.0200 88 147 94 161
inclusion 0.0200 123 170 133 179
inclusion 0.0200 171 14 177 30
inclusion 0.0200 0 194 16 200
inclusion 0.0200 0 132 9 143
inclusion 0.0200 163 28 179 42
inclusion 0.0200 125 108 131 125
inclusion 0.0200 92 84 98 98
inclusion 0.0200 168 17 180 26
inclusion 0.0200 84 29 91 45
inclusion 0.0200 126 82 164 114
inclusion 0.0200 71 39 84 49
inclusion 0.0200 148 196 178 199
inclusion 0.0200 75 18 81 34
inclusion 0.0200 29 42 48 47
inclusion 0.0200 129 176 134 192
inclusion 0.0200 102 131 108 147
inclusion 0.0200 79 137 90 146
